0.0470027 0 0 0 2985
0.1270072 0 0 0 2985
0.2030116 0 0 0 2985
0.2790159 0 0 0 2985
0.3560203 0 0 0 2985
0.4320247 0 0 0 2985
0.5260301 0 0 0 2988
0.6410366 0 0 0 2988
0.7280416 0 0 0 2988
0.8680496 0 0 0 2988
0.944054 0 0 0 2988
1.0210584 0 0 0 2988
1.0980628 0 0 0 2986
1.1740671 0 0 0 2986
1.2500715 0 0 0 2986
1.3310761 0 0 0 2986
1.4070805 0 0 0 2986
1.4840849 0 0 0 2986
1.5620893 0 0 0 2987
1.6400938 0 0 0 2987
1.7240986 0 0 0 2987
1.8121036 0 0 0 2987
1.8901081 0 0 0 2987
1.9671125 0 0 0 2987
2.0661181 0 0 0 2987
2.1521231 0 0 0 2848
2.239128 0 0 0 2848
2.3161324 0 0 0 2848
2.4471399 0 0 0 2848
2.536145 0 0 0 2848
2.6151495 0 0 0 2848
2.6951541 0 0 0 2647
2.7741586 0 0 0 2647
2.8521631 0 0 0 2647
2.9311676 0 0 0 2647
3.0091721 0 0 0 2647
3.0871765 0 0 0 2647
3.1731815 0 0 0 2488
3.2581863 0 0 0 2488
3.3351907 0 0 0 2488
3.4231958 0 0 0 2488
3.514201 0 0 0 2488
3.5922054 0 0 0 2488
3.6752102 0 0 0 2241
3.7612151 0 0 0 2241
3.8592207 0 0 0 2241
3.9432255 0 0 0 2241
4.0202299 0 0 0 2241
4.0982344 0 0 0 2241
4.179239 0 0 0 2006
4.2622438 0 0 0 2006
4.3652496 0 0 0 2006
4.4572549 0 0 0 2006
4.5402597 0 0 0 2006
4.616264 0 0 0 2006
4.6962686 0 0 0 1800
4.7762732 0 0 0 1800
4.8542776 0 0 0 1800
4.948283 0 0 0 1800
5.0322878 0 0 0 1800
5.1122924 0 0 0 1800
5.1912969 0 0 0 1652
5.2793019 0 0 0 1652
5.3613066 0 0 0 1652
5.438311 0 0 0 1652
5.5353166 0 0 0 1652
5.6113209 0 0 0 1652
5.7083265 0 0 0 1434
5.7923313 0 0 0 1434
5.875336 0 0 0 1434
5.9563407 0 0 0 1434
6.0413455 0 0 0 1434
6.1243503 0 0 0 1434
6.2123553 0 0 0 1228
6.2963601 0 0 0 1228
6.3863653 0 0 0 1228
6.4763704 0 0 0 1228
6.5603752 0 0 0 1228
6.6453801 0 0 0 1053
6.7373853 0 0 0 1053
6.8253904 0 0 0 1053
6.9163956 0 0 0 1053
6.9944 0 0 0 1053
7.1314079 0 0 0 1053
7.2114124 0 0 0 973
7.2884168 0 0 0 973
7.3664213 0 0 0 973
7.4584266 0 0 0 973
7.553432 0 0 0 973
7.6314365 0 0 0 973
7.7344424 0 0 0 972
7.8134469 0 0 0 972
7.8904513 0 0 0 972
7.9744561 0 0 0 972
8.0514605 0 0 0 972
8.1374654 0 0 0 972
8.2164699 0 0 0 968
8.3114754 0 0 0 968
8.39248 0 0 0 968
8.4694844 0 0 0 968
8.5624897 0 0 0 968
8.6404942 0 0 0 968
8.7174986 0 0 0 967
8.794503 0 0 0 967
8.8775077 0 0 0 967
8.9575123 0 0 0 967
9.0345167 0 0 0 967
9.1475232 0 0 0 967
9.2245276 0 0 0 968
9.3505348 0 0 0 968
9.4305394 0 0 0 968
9.5205445 0 0 0 968
9.598549 0 0 0 968
9.7615583 0 0 0 967
9.844563 0 0 0 967
9.9225675 0 0 0 967
10.0065723 0 0 0 967
10.0855768 0 0 0 967
10.1725818 0 0 0 968
10.2515863 0 0 0 968
10.3455917 0 0 0 968
10.4215961 0 0 0 968
10.4976004 0 0 0 968
10.5806051 0 0 0 968
10.6566095 0 0 0 968
10.7436145 0 0 0 969
10.8196188 0 0 0 969
10.8976233 0 0 0 969
10.9766278 0 0 0 969
11.0536322 0 0 0 969
11.1826396 0 0 0 967
11.260644 0 0 0 967
11.347649 0 0 0 967
11.4236534 0 0 0 967
11.5106583 0 0 0 967
11.5866627 0 0 0 967
11.662667 0 0 0 967
11.7766736 0 0 0 971
11.8526779 0 0 0 971
11.9396829 0 0 0 971
12.0166873 0 0 0 971
12.1006921 0 0 0 971
12.1766964 0 0 0 971
12.2527008 0 0 0 968
12.3327054 0 0 0 968
