0.0310017 0 0 0 2875
0.0850048 0 0 0 2875
0.1360077 0 0 0 2875
0.1870106 0 0 0 2875
0.2440139 0 0 0 2870
0.2960169 0 0 0 2870
0.3470198 0 0 0 2870
0.4020229 0 0 0 2870
0.4530259 0 0 0 2870
0.5040288 0 0 0 2870
0.5550317 0 0 0 2870
0.6060346 0 0 0 2870
0.6920395 0 0 0 2872
0.7580433 0 0 0 2872
0.8210469 0 0 0 2872
0.8740499 0 0 0 2872
0.928053 0 0 0 2872
0.980056 0 0 0 2872
1.032059 0 0 0 2872
1.0910624 0 0 0 2872
1.1420653 0 0 0 2872
1.1970684 0 0 0 2872
1.2560718 0 0 0 2872
1.3080748 0 0 0 2841
1.364078 0 0 0 2841
1.4300817 0 0 0 2841
1.4830848 0 0 0 2841
1.5350878 0 0 0 2841
1.5870907 0 0 0 2841
1.6460941 0 0 0 2841
1.697097 0 0 0 2841
1.7491 0 0 0 2841
1.8001029 0 0 0 2535
1.854106 0 0 0 2535
1.906109 0 0 0 2535
1.9581119 0 0 0 2535
2.0101149 0 0 0 2535
2.0671182 0 0 0 2535
2.1191212 0 0 0 2535
2.1731242 0 0 0 2535
2.2501287 0 0 0 2535
2.3031317 0 0 0 2165
2.3571348 0 0 0 2165
2.4081377 0 0 0 2165
2.4601407 0 0 0 2165
2.5111436 0 0 0 2165
2.5751472 0 0 0 2165
2.6421511 0 0 0 2165
2.6961542 0 0 0 2165
2.7481571 0 0 0 2165
2.8031603 0 0 0 1787
2.868164 0 0 0 1787
2.920167 0 0 0 1787
2.97317 0 0 0 1787
3.0301733 0 0 0 1787
3.0821762 0 0 0 1787
3.1341792 0 0 0 1787
3.1861822 0 0 0 1787
3.2671868 0 0 0 1787
3.3191898 0 0 0 1407
3.3711928 0 0 0 1407
3.4321963 0 0 0 1407
3.4841992 0 0 0 1407
3.5362022 0 0 0 1407
3.5882052 0 0 0 1407
3.6712099 0 0 0 1407
3.7232129 0 0 0 1407
3.7752159 0 0 0 1407
3.8362194 0 0 0 1060
3.8882223 0 0 0 1060
3.9402253 0 0 0 1060
3.9932284 0 0 0 1060
4.0862337 0 0 0 1060
4.145237 0 0 0 1060
4.19724 0 0 0 1060
4.3052462 0 0 0 1060
4.3572492 0 0 0 850
4.4092521 0 0 0 850
4.477256 0 0 0 850
4.5322592 0 0 0 850
4.5852622 0 0 0 850
4.6482658 0 0 0 850
4.7002688 0 0 0 850
4.7522718 0 0 0 850
4.8052748 0 0 0 853
4.8572778 0 0 0 853
4.9092807 0 0 0 853
4.9952857 0 0 0 853
5.0502888 0 0 0 853
5.1022918 0 0 0 853
5.1542948 0 0 0 853
5.2062977 0 0 0 853
5.2583007 0 0 0 853
5.3093036 0 0 0 851
5.3613066 0 0 0 851
5.4123095 0 0 0 851
5.4763132 0 0 0 851
5.5283162 0 0 0 851
5.5793191 0 0 0 851
5.630322 0 0 0 851
5.7053263 0 0 0 851
5.7563292 0 0 0 851
5.8163326 0 0 0 850
5.8863366 0 0 0 850
5.9373395 0 0 0 850
5.9883425 0 0 0 850
6.0423456 0 0 0 850
6.0933485 0 0 0 850
6.1443514 0 0 0 850
6.1963544 0 0 0 850
6.2543577 0 0 0 850
6.312361 0 0 0 854
6.3633639 0 0 0 854
6.4183671 0 0 0 854
6.46937 0 0 0 854
6.5203729 0 0 0 854
6.5713758 0 0 0 854
6.6223787 0 0 0 854
