0.0290017 0 0 0 2565
0.0800046 0 0 0 2565
0.1320076 0 0 0 2565
0.1830105 0 0 0 2565
0.2400138 0 0 0 2565
0.2910167 0 0 0 2565
0.3550203 0 0 0 2564
0.4060232 0 0 0 2564
0.4600263 0 0 0 2564
0.6650381 0 0 0 2564
0.7740443 0 0 0 2564
0.8290474 0 0 0 2564
0.892051 0 0 0 2563
0.9480543 0 0 0 2563
1.0010573 0 0 0 2563
1.0520602 0 0 0 2563
1.1040632 0 0 0 2563
1.1620665 0 0 0 2563
1.2130694 0 0 0 2563
1.2640723 0 0 0 2563
1.3160753 0 0 0 2563
1.3830791 0 0 0 2563
1.434082 0 0 0 2563
1.5020859 0 0 0 2563
1.5620894 0 0 0 2563
1.6140923 0 0 0 2563
1.6650953 0 0 0 2563
1.7170982 0 0 0 2563
1.7681012 0 0 0 2563
1.8201041 0 0 0 2563
1.8721071 0 0 0 2571
1.9341106 0 0 0 2571
1.9861136 0 0 0 2571
2.0381166 0 0 0 2571
2.0901196 0 0 0 2571
2.1421225 0 0 0 2571
2.1991258 0 0 0 2571
2.2521288 0 0 0 2571
2.3101322 0 0 0 2571
2.377136 0 0 0 2317
2.4311391 0 0 0 2317
2.4831421 0 0 0 2317
2.5431455 0 0 0 2317
2.6011488 0 0 0 2317
2.6531518 0 0 0 2317
2.744157 0 0 0 2317
2.79716 0 0 0 2317
2.849163 0 0 0 2317
2.902166 0 0 0 1969
2.9611694 0 0 0 1969
3.0131724 0 0 0 1969
3.0671755 0 0 0 1969
3.1441799 0 0 0 1969
3.1961828 0 0 0 1969
3.2481858 0 0 0 1969
3.3061891 0 0 0 1969
3.3661926 0 0 0 1969
3.4201956 0 0 0 1585
3.4711986 0 0 0 1585
3.5332021 0 0 0 1585
3.5852051 0 0 0 1585
3.6372081 0 0 0 1585
3.689211 0 0 0 1585
3.7612152 0 0 0 1585
3.8132181 0 0 0 1585
3.880222 0 0 0 1250
3.9312249 0 0 0 1250
3.9832279 0 0 0 1250
4.0342308 0 0 0 1250
4.0872338 0 0 0 1250
4.1552377 0 0 0 1250
4.2072407 0 0 0 1250
4.2602437 0 0 0 1250
4.3122467 0 0 0 1250
4.4242531 0 0 0 893
4.4762561 0 0 0 893
4.5552606 0 0 0 893
4.6062635 0 0 0 893
4.6582665 0 0 0 893
4.7102694 0 0 0 893
4.7652726 0 0 0 893
4.8172756 0 0 0 893
4.8722787 0 0 0 893
4.9872853 0 0 0 670
5.0382882 0 0 0 670
5.0912912 0 0 0 670
5.1562949 0 0 0 670
5.2082979 0 0 0 670
5.2603009 0 0 0 670
5.3163041 0 0 0 670
5.3683071 0 0 0 670
5.4213101 0 0 0 740
5.4733131 0 0 0 740
5.5333165 0 0 0 740
5.5853195 0 0 0 740
5.6363224 0 0 0 740
5.7073265 0 0 0 740
5.7703301 0 0 0 740
5.8283334 0 0 0 740
5.8803364 0 0 0 1082
5.9833423 0 0 0 1082
6.0343452 0 0 0 1082
6.0853481 0 0 0 1082
6.1373511 0 0 0 1082
6.205355 0 0 0 1082
6.2573579 0 0 0 1082
6.3093609 0 0 0 1082
6.4303678 0 0 0 1248
6.4823708 0 0 0 1248
6.5343738 0 0 0 1248
6.5953773 0 0 0 1248
6.6473802 0 0 0 1248
6.6993832 0 0 0 1248
6.7513862 0 0 0 1248
6.8033892 0 0 0 1248
6.8573922 0 0 0 1248
6.9123954 0 0 0 1141
6.9833995 0 0 0 1141
7.0364025 0 0 0 1141
7.098406 0 0 0 1141
7.150409 0 0 0 1141
7.202412 0 0 0 1141
7.254415 0 0 0 1141
7.3064179 0 0 0 1141
7.3994232 0 0 0 944
7.4554265 0 0 0 944
7.5084295 0 0 0 944
7.5604325 0 0 0 944
7.6154356 0 0 0 944
7.6674386 0 0 0 944
7.7474432 0 0 0 944
7.7994461 0 0 0 944
7.8514491 0 0 0 944
7.9224532 0 0 0 944
7.9774563 0 0 0 944
8.0294593 0 0 0 944
8.1084638 0 0 0 944
8.1604668 0 0 0 944
8.2124698 0 0 0 944
8.2654728 0 0 0 944
8.3264763 0 0 0 944
8.408481 0 0 0 948
8.4644842 0 0 0 948
8.5204874 0 0 0 948
8.5774906 0 0 0 948
8.6294936 0 0 0 948
8.6814966 0 0 0 948
8.7405 0 0 0 948
8.8275049 0 0 0 948
8.8795079 0 0 0 948
8.950512 0 0 0 942
