0.0410023 0 0 0 301
0.1170067 0 0 0 301
0.1990114 0 0 0 301
0.2750157 0 0 0 301
0.367021 0 0 0 301
0.4430253 0 0 0 309
0.5270301 0 0 0 309
0.7150409 0 0 0 309
0.804046 0 0 0 309
0.8800503 0 0 0 309
0.962055 0 0 0 309
1.0480599 0 0 0 311
1.1260644 0 0 0 311
1.2110693 0 0 0 311
1.2890737 0 0 0 311
1.3670782 0 0 0 311
1.4550832 0 0 0 357
1.538088 0 0 0 357
1.6400938 0 0 0 357
1.7180983 0 0 0 357
1.8101035 0 0 0 357
1.8901081 0 0 0 357
1.976113 0 0 0 357
2.080119 0 0 0 600
2.1891252 0 0 0 600
2.2711299 0 0 0 600
2.3501344 0 0 0 600
2.4341392 0 0 0 600
2.5291446 0 0 0 600
2.6171497 0 0 0 784
2.6941541 0 0 0 784
2.780159 0 0 0 784
2.8611636 0 0 0 784
2.938168 0 0 0 784
3.0491744 0 0 0 905
3.1261788 0 0 0 905
3.2201842 0 0 0 905
3.2971886 0 0 0 905
3.4301962 0 0 0 905
3.5082006 0 0 0 905
3.6322077 0 0 0 1000
3.7172126 0 0 0 1000
3.794217 0 0 0 1000
3.8742216 0 0 0 1000
3.9502259 0 0 0 1000
4.0332307 0 0 0 1000
4.109235 0 0 0 1001
4.1882395 0 0 0 1001
4.2642439 0 0 0 1001
4.3402482 0 0 0 1001
4.4302534 0 0 0 1001
4.5072578 0 0 0 1001
4.5842622 0 0 0 1005
4.6612666 0 0 0 1005
4.738271 0 0 0 1005
4.8342765 0 0 0 1005
4.9102808 0 0 0 1005
4.9872852 0 0 0 1005
5.0642897 0 0 0 1005
5.1412941 0 0 0 1001
5.2292991 0 0 0 1001
5.3053034 0 0 0 1001
5.3833079 0 0 0 1001
5.4623124 0 0 0 1001
5.5383168 0 0 0 1001
