0.0340019 0.598092662695427 -0.942415886665215 -0.0787755382765609 0
0.0860049 0.598092662695427 -0.942415886665215 -0.0787755382765609 0
0.1530088 0.598092662695427 -0.942415886665215 -0.0787755382765609 0
0.2060118 0.598092662695427 -0.942415886665215 -0.0787755382765609 0
0.2590148 0.598092662695427 -0.942415886665215 -0.0787755382765609 0
0.3100177 0.598092662695427 -0.942415886665215 -0.0787755382765609 0
0.3610207 0.598092662695427 -0.942415886665215 -0.0787755382765609 0
0.4120236 0.598092662695427 -0.942415886665215 -0.0787755382765609 0
0.4630265 0.598092662695427 -0.942415886665215 -0.0787755382765609 0
0.5160295 0.598092662695427 -0.942415886665215 -0.0787755382765609 0
0.5670324 0.598092662695427 -0.942415886665215 -0.0787755382765609 0
0.6310361 0.598092662695427 -0.942415886665215 -0.0787755382765609 0
0.682039 0.598092662695427 -0.942415886665215 -0.0787755382765609 0
0.735042 0.598092662695427 -0.942415886665215 -0.0787755382765609 0
0.7880451 0.598092662695427 -0.942415886665215 -0.0787755382765609 0
0.8410481 0.598092662695427 -0.942415886665215 -0.0787755382765609 0
0.9140523 0.598092662695427 -0.942415886665215 -0.0787755382765609 0
0.9670553 0.598092662695427 -0.942415886665215 -0.0787755382765609 0
1.0450598 0.598092662695427 -0.942415886665215 -0.0787755382765609 0
1.0980628 0.598092662695427 -0.942415886665215 -0.0787755382765609 0
1.1500658 0.598092662695427 -0.942415886665215 -0.0787755382765609 0
1.2020688 0.598092662695427 -0.942415886665215 -0.0787755382765609 0
1.2540717 0.598092662695427 -0.942415886665215 -0.0787755382765609 0
1.3060747 0.598092662695427 -0.942415886665215 -0.0787755382765609 0
1.3590777 0.598092662695427 -0.942415886665215 -0.0787755382765609 0
1.4110807 0.598092662695427 -0.942415886665215 -0.0787755382765609 0
1.4650838 0.598092662695427 -0.942415886665215 -0.0787755382765609 0
1.5300875 0.598092662695427 -0.942415886665215 -0.0787755382765609 0
1.5820905 0.598092662695427 -0.942415886665215 -0.0787755382765609 0
1.6340935 0.598092662695427 -0.942415886665215 -0.0787755382765609 0
1.6870965 0.598092662695427 -0.942415886665215 -0.0787755382765609 0
1.7400995 0.598092662695427 -0.942415886665215 -0.0787755382765609 0
1.7921025 0.598092662695427 -0.942415886665215 -0.0787755382765609 0
1.8451055 0.598092662695427 -0.942415886665215 -0.0787755382765609 0
1.8981086 0.598092662695427 -0.942415886665215 -0.0787755382765609 0
1.9501115 0.598092662695427 -0.942415886665215 -0.0787755382765609 0
2.0051147 0.598092662695427 -0.942415886665215 -0.0787755382765609 0
2.0571177 0.598092662695427 -0.942415886665215 -0.0787755382765609 0
2.1101207 0.598092662695427 -0.942415886665215 -0.0787755382765609 0
2.1621237 0.598092662695427 -0.942415886665215 -0.0787755382765609 0
2.2151267 0.598092662695427 -0.942415886665215 -0.0787755382765609 0
2.2681297 0.598092662695427 -0.942415886665215 -0.0787755382765609 0
2.3191326 0.598092662695427 -0.942415886665215 -0.0787755382765609 0
2.3711356 0.598092662695427 -0.942415886665215 -0.0787755382765609 0
2.4231386 0.598092662695427 -0.942415886665215 -0.0787755382765609 0
2.4751416 0.598092662695427 -0.942415886665215 -0.0787755382765609 0
2.5411453 0.598092662695427 -0.942415886665215 -0.0787755382765609 0
2.5921483 0.598092662695427 -0.942415886665215 -0.0787755382765609 0
2.6431512 0.598092662695427 -0.942415886665215 -0.0787755382765609 0
2.6971543 0.598092662695427 -0.942415886665215 -0.0787755382765609 0
