0.0420024 0 0 0 2953
0.0990057 0 0 0 2953
0.1500086 0 0 0 2953
0.2010115 0 0 0 2953
0.2520144 0 0 0 2953
0.3160181 0 0 0 2952
0.367021 0 0 0 2952
0.4180239 0 0 0 2952
0.4690268 0 0 0 2952
0.5260301 0 0 0 2952
0.6430368 0 0 0 2952
0.6970399 0 0 0 2952
0.7760444 0 0 0 2949
0.8270473 0 0 0 2949
0.9290531 0 0 0 2949
0.9810561 0 0 0 2949
1.0330591 0 0 0 2949
1.084062 0 0 0 2949
1.137065 0 0 0 2949
1.1910681 0 0 0 2949
1.2450712 0 0 0 2949
1.2970742 0 0 0 2927
1.3870793 0 0 0 2927
1.4400824 0 0 0 2927
1.4990857 0 0 0 2927
1.5510887 0 0 0 2927
1.6040917 0 0 0 2927
1.6560947 0 0 0 2927
1.7350992 0 0 0 2927
1.7861022 0 0 0 2609
1.8381051 0 0 0 2609
1.8901081 0 0 0 2609
1.9421111 0 0 0 2609
1.9951141 0 0 0 2609
2.0471171 0 0 0 2609
2.1181211 0 0 0 2609
2.1711242 0 0 0 2609
2.2231272 0 0 0 2609
2.2741301 0 0 0 2609
2.3381337 0 0 0 2239
2.3901367 0 0 0 2239
2.4421397 0 0 0 2239
2.4971428 0 0 0 2239
2.552146 0 0 0 2239
2.6031489 0 0 0 2239
2.6561519 0 0 0 2239
2.7161554 0 0 0 2239
2.7681583 0 0 0 2239
2.8201613 0 0 0 1858
2.8711642 0 0 0 1858
2.9281675 0 0 0 1858
2.9861708 0 0 0 1858
3.0381738 0 0 0 1858
3.0901767 0 0 0 1858
3.1421797 0 0 0 1858
3.1941827 0 0 0 1858
3.2471857 0 0 0 1858
3.305189 0 0 0 1480
3.357192 0 0 0 1480
3.4151953 0 0 0 1480
3.4671983 0 0 0 1480
3.5232015 0 0 0 1480
3.5872052 0 0 0 1480
3.6392081 0 0 0 1480
3.6912111 0 0 0 1480
3.7462143 0 0 0 1480
3.7982172 0 0 0 1480
3.8502202 0 0 0 1480
3.9252245 0 0 0 1058
4.0172298 0 0 0 1058
4.0692327 0 0 0 1058
4.1212357 0 0 0 1058
4.1732387 0 0 0 1058
4.2252417 0 0 0 1058
4.2802448 0 0 0 1058
4.336248 0 0 0 1058
4.4012517 0 0 0 876
4.4572549 0 0 0 876
4.5142582 0 0 0 876
4.5652611 0 0 0 876
4.6292648 0 0 0 876
4.6802677 0 0 0 876
4.737271 0 0 0 876
4.7932742 0 0 0 876
4.8462772 0 0 0 876
4.9162812 0 0 0 879
4.9682842 0 0 0 879
5.0202871 0 0 0 879
5.0742902 0 0 0 879
5.1332936 0 0 0 879
5.1852966 0 0 0 879
5.2372996 0 0 0 879
5.3023033 0 0 0 879
5.3553063 0 0 0 879
5.4083093 0 0 0 879
5.4593123 0 0 0 884
5.5183156 0 0 0 884
5.5703186 0 0 0 884
5.6223216 0 0 0 884
5.6743245 0 0 0 884
5.734328 0 0 0 884
5.786331 0 0 0 884
5.8373339 0 0 0 884
5.8903369 0 0 0 878
5.9413398 0 0 0 878
5.9923427 0 0 0 878
6.0443457 0 0 0 878
6.1043491 0 0 0 878
6.1553521 0 0 0 878
6.2313564 0 0 0 878
6.2823593 0 0 0 878
6.3363624 0 0 0 878
6.3883654 0 0 0 878
6.4393683 0 0 0 873
6.5103724 0 0 0 873
6.5613753 0 0 0 873
6.64438 0 0 0 873
6.696383 0 0 0 873
6.7473859 0 0 0 873
6.7983888 0 0 0 873
6.8523919 0 0 0 873
6.9123954 0 0 0 881
