0.0240014 0 0 0 2634
0.0750043 0 0 0 2634
0.1340077 0 0 0 2634
0.1850106 0 0 0 2634
0.2360135 0 0 0 2634
0.2870164 0 0 0 2634
0.3380193 0 0 0 2634
0.3890222 0 0 0 2634
0.4400252 0 0 0 2634
0.5000286 0 0 0 2634
0.5520316 0 0 0 2642
0.6150352 0 0 0 2642
0.6750386 0 0 0 2642
0.7390423 0 0 0 2642
0.7950455 0 0 0 2642
0.8460484 0 0 0 2642
0.9060518 0 0 0 2642
0.9570547 0 0 0 2642
1.0090577 0 0 0 2642
1.0620607 0 0 0 2642
1.1250643 0 0 0 2637
1.1760673 0 0 0 2637
1.2280702 0 0 0 2637
1.2870736 0 0 0 2637
1.3390766 0 0 0 2637
1.4040803 0 0 0 2637
1.4560833 0 0 0 2637
1.5080862 0 0 0 2637
1.5640895 0 0 0 2637
1.6240929 0 0 0 2466
1.6770959 0 0 0 2466
1.7290989 0 0 0 2466
1.783102 0 0 0 2466
1.835105 0 0 0 2466
1.8971085 0 0 0 2466
1.9491115 0 0 0 2466
2.0081148 0 0 0 2466
2.0601178 0 0 0 2466
2.1301218 0 0 0 2126
2.185125 0 0 0 2126
2.2371279 0 0 0 2126
2.291131 0 0 0 2126
2.3441341 0 0 0 2126
2.4071377 0 0 0 2126
2.4751416 0 0 0 2126
2.5301447 0 0 0 2126
2.5811476 0 0 0 2126
2.6431512 0 0 0 1761
2.6941541 0 0 0 1761
2.7471571 0 0 0 1761
2.7991601 0 0 0 1761
2.8511631 0 0 0 1761
2.9081663 0 0 0 1761
2.9601693 0 0 0 1761
3.0171726 0 0 0 1761
3.0691755 0 0 0 1761
3.130179 0 0 0 1406
3.182182 0 0 0 1406
3.2471857 0 0 0 1406
3.305189 0 0 0 1406
3.357192 0 0 0 1406
3.409195 0 0 0 1406
3.4631981 0 0 0 1406
3.515201 0 0 0 1406
3.567204 0 0 0 1406
3.6342079 0 0 0 1032
3.7112123 0 0 0 1032
3.7652153 0 0 0 1032
3.8162183 0 0 0 1032
3.8772218 0 0 0 1032
3.9292247 0 0 0 1032
3.9812277 0 0 0 1032
4.0522318 0 0 0 1032
4.1182355 0 0 0 815
4.1702385 0 0 0 815
4.2222415 0 0 0 815
4.2952457 0 0 0 815
4.3472486 0 0 0 815
4.4002517 0 0 0 815
4.4522546 0 0 0 815
4.5052577 0 0 0 815
4.5572607 0 0 0 815
4.6102637 0 0 0 818
4.6632667 0 0 0 818
4.7192699 0 0 0 818
4.773273 0 0 0 818
4.826276 0 0 0 818
4.878279 0 0 0 818
4.930282 0 0 0 818
4.982285 0 0 0 818
5.0332879 0 0 0 818
5.0932913 0 0 0 814
5.1452943 0 0 0 814
5.1972973 0 0 0 814
5.2583007 0 0 0 814
5.3113038 0 0 0 814
5.3663069 0 0 0 814
5.4183099 0 0 0 814
5.507315 0 0 0 814
5.560318 0 0 0 814
5.6163212 0 0 0 812
5.6743245 0 0 0 812
5.7253275 0 0 0 812
5.7763304 0 0 0 812
5.8283334 0 0 0 812
5.8863367 0 0 0 812
5.9373396 0 0 0 812
5.9893426 0 0 0 812
6.0403455 0 0 0 812
6.1083494 0 0 0 815
6.1593523 0 0 0 815
6.2103552 0 0 0 815
6.2803592 0 0 0 815
6.3323622 0 0 0 815
6.3853652 0 0 0 815
6.4363681 0 0 0 815
6.4893712 0 0 0 815
6.5403741 0 0 0 815
6.5973773 0 0 0 815
6.6903827 0 0 0 811
6.7413856 0 0 0 811
6.7923885 0 0 0 811
6.8433914 0 0 0 811
