0.0080004 0 0 0 1936
0.0590033 0 0 0 1936
0.1100063 0 0 0 1929
0.1610092 0 0 0 1929
0.2170124 0 0 0 1929
0.2690153 0 0 0 1929
0.3210183 0 0 0 1929
0.3730213 0 0 0 1929
0.437025 0 0 0 1929
0.4890279 0 0 0 1929
0.5410309 0 0 0 1929
0.5970341 0 0 0 1929
0.6740385 0 0 0 1937
0.7260415 0 0 0 1937
0.788045 0 0 0 1937
0.839048 0 0 0 1937
0.8910509 0 0 0 1937
0.9420538 0 0 0 1937
1.0010572 0 0 0 1937
1.0550603 0 0 0 1933
1.1180639 0 0 0 1933
1.2040688 0 0 0 1933
1.2760729 0 0 0 1933
1.3340763 0 0 0 1933
1.3860792 0 0 0 1933
1.4380822 0 0 0 1933
1.4900852 0 0 0 1933
1.5430882 0 0 0 1933
1.6240929 0 0 0 1876
1.6760958 0 0 0 1876
1.7270987 0 0 0 1876
1.7801018 0 0 0 1876
1.8321047 0 0 0 1876
1.8861078 0 0 0 1876
1.9381108 0 0 0 1876
2.0051146 0 0 0 1876
2.0591177 0 0 0 1876
2.1111207 0 0 0 1510
2.1631237 0 0 0 1510
2.2251272 0 0 0 1510
2.2781303 0 0 0 1510
2.3311333 0 0 0 1510
2.3841363 0 0 0 1510
2.4431397 0 0 0 1510
2.4961427 0 0 0 1510
2.5481457 0 0 0 1510
2.6021488 0 0 0 1160
2.6651524 0 0 0 1160
2.7171554 0 0 0 1160
2.7961599 0 0 0 1160
2.8471628 0 0 0 1160
2.8991658 0 0 0 1160
2.9511688 0 0 0 1160
3.0031717 0 0 0 1160
3.0541746 0 0 0 1160
3.1061776 0 0 0 950
3.165181 0 0 0 950
3.217184 0 0 0 950
3.270187 0 0 0 950
3.32219 0 0 0 950
3.374193 0 0 0 950
3.4391967 0 0 0 950
3.4901996 0 0 0 950
3.5412025 0 0 0 950
3.6032061 0 0 0 950
3.654209 0 0 0 950
3.7062119 0 0 0 950
3.7572149 0 0 0 950
3.8142181 0 0 0 950
3.865221 0 0 0 950
3.916224 0 0 0 950
3.9682269 0 0 0 950
4.0192298 0 0 0 950
4.075233 0 0 0 950
4.127236 0 0 0 950
4.2172412 0 0 0 949
4.2682441 0 0 0 949
4.319247 0 0 0 949
4.3732501 0 0 0 949
4.4252531 0 0 0 949
4.476256 0 0 0 949
4.5272589 0 0 0 949
4.5782618 0 0 0 949
4.6302648 0 0 0 949
4.7002688 0 0 0 945
4.7512717 0 0 0 945
4.8052748 0 0 0 945
4.861278 0 0 0 945
4.9122809 0 0 0 945
4.9632838 0 0 0 945
5.0152868 0 0 0 945
5.0672898 0 0 0 945
5.1182927 0 0 0 945
5.1822964 0 0 0 945
5.2342993 0 0 0 958
5.2873024 0 0 0 958
