0.0170009 0 0 0 2745
0.1180067 0 0 0 2745
0.1940111 0 0 0 2745
0.2700154 0 0 0 2745
0.35002 0 0 0 2745
0.4260243 0 0 0 2745
0.6220356 0 0 0 2747
0.7010401 0 0 0 2747
0.787045 0 0 0 2747
0.8640494 0 0 0 2747
0.9400537 0 0 0 2747
1.0160581 0 0 0 2742
1.1050632 0 0 0 2742
1.1820676 0 0 0 2742
1.2720727 0 0 0 2742
1.3490771 0 0 0 2742
1.4260815 0 0 0 2742
1.5300875 0 0 0 2706
1.6070919 0 0 0 2706
1.696097 0 0 0 2706
1.7741014 0 0 0 2706
1.8681068 0 0 0 2706
1.9451112 0 0 0 2706
2.0261159 0 0 0 2604
2.1201212 0 0 0 2604
2.2021259 0 0 0 2604
2.2851307 0 0 0 2604
2.3661353 0 0 0 2604
2.4551404 0 0 0 2604
2.5421454 0 0 0 2604
2.6191498 0 0 0 2367
2.7051547 0 0 0 2367
2.781159 0 0 0 2367
2.8581635 0 0 0 2367
2.9431683 0 0 0 2367
3.042174 0 0 0 2189
3.1191784 0 0 0 2189
3.1961828 0 0 0 2189
3.2841878 0 0 0 2189
3.3641924 0 0 0 2189
3.4431969 0 0 0 2189
3.5282018 0 0 0 1985
3.6112065 0 0 0 1985
3.6912111 0 0 0 1985
3.7902168 0 0 0 1985
3.8742216 0 0 0 1985
3.952226 0 0 0 1985
4.0292304 0 0 0 1985
4.1252359 0 0 0 1777
4.2032404 0 0 0 1777
4.2892453 0 0 0 1777
4.3902511 0 0 0 1777
4.4752559 0 0 0 1777
4.5612609 0 0 0 1777
4.6412654 0 0 0 1556
4.7192699 0 0 0 1556
4.7962743 0 0 0 1556
4.8752788 0 0 0 1556
4.9622838 0 0 0 1556
5.0472887 0 0 0 1556
5.1242931 0 0 0 1358
5.2022975 0 0 0 1358
5.281302 0 0 0 1358
5.3643068 0 0 0 1358
5.4433113 0 0 0 1358
5.5213158 0 0 0 1358
5.612321 0 0 0 1177
5.6983259 0 0 0 1177
5.7953315 0 0 0 1177
5.8823364 0 0 0 1177
5.9593408 0 0 0 1177
6.050346 0 0 0 1177
6.1353509 0 0 0 1120
6.2123553 0 0 0 1120
6.2993603 0 0 0 1120
6.381365 0 0 0 1120
6.4643697 0 0 0 1120
6.5423742 0 0 0 1120
6.6193786 0 0 0 1120
6.6993832 0 0 0 1126
6.7793877 0 0 0 1126
6.8583923 0 0 0 1126
6.9483974 0 0 0 1126
7.0264019 0 0 0 1126
7.1184071 0 0 0 1116
7.2154127 0 0 0 1116
7.2954173 0 0 0 1116
7.3814222 0 0 0 1116
7.4684271 0 0 0 1116
7.5454316 0 0 0 1116
7.6254361 0 0 0 1124
7.7014405 0 0 0 1124
7.7774448 0 0 0 1124
7.8564493 0 0 0 1124
7.9344538 0 0 0 1124
8.0124583 0 0 0 1124
8.0884626 0 0 0 1124
8.164467 0 0 0 1123
8.2414714 0 0 0 1123
8.3174757 0 0 0 1123
8.4284821 0 0 0 1123
8.5044864 0 0 0 1123
8.5804908 0 0 0 1123
8.672496 0 0 0 1117
