0.035002 0 0 0 2299
0.0860049 0 0 0 2299
0.157009 0 0 0 2299
0.2080119 0 0 0 2299
0.2600149 0 0 0 2299
0.3120178 0 0 0 2306
0.367021 0 0 0 2306
0.4180239 0 0 0 2306
0.4690268 0 0 0 2306
0.7370421 0 0 0 2306
0.8480485 0 0 0 2306
0.8990514 0 0 0 2306
1.0110578 0 0 0 2306
1.0630608 0 0 0 2306
1.1150638 0 0 0 2306
1.2040688 0 0 0 2306
1.2560718 0 0 0 2306
1.3190754 0 0 0 2292
1.3760787 0 0 0 2292
1.4290817 0 0 0 2292
1.4810847 0 0 0 2292
1.5340877 0 0 0 2292
1.6060918 0 0 0 2292
1.6710956 0 0 0 2292
1.7230985 0 0 0 2292
1.7751015 0 0 0 2292
1.8261044 0 0 0 1984
1.8831077 0 0 0 1984
1.9451112 0 0 0 1984
1.9971142 0 0 0 1984
2.0511173 0 0 0 1984
2.1281217 0 0 0 1984
2.1821248 0 0 0 1984
2.2341278 0 0 0 1984
2.3031317 0 0 0 1591
2.3551347 0 0 0 1591
2.4221385 0 0 0 1591
2.4761416 0 0 0 1591
2.5371451 0 0 0 1591
2.5891481 0 0 0 1591
2.641151 0 0 0 1591
2.693154 0 0 0 1591
2.745157 0 0 0 1591
2.8121608 0 0 0 1240
2.8641638 0 0 0 1240
2.920167 0 0 0 1240
2.9881709 0 0 0 1240
3.042174 0 0 0 1240
3.094177 0 0 0 1240
3.1701813 0 0 0 1240
3.2221843 0 0 0 1240
3.2741873 0 0 0 1240
3.3261902 0 0 0 881
3.3981943 0 0 0 881
3.4511974 0 0 0 881
3.5032004 0 0 0 881
3.5572034 0 0 0 881
3.619207 0 0 0 881
3.67121 0 0 0 881
3.7432141 0 0 0 881
3.8202185 0 0 0 692
3.8722215 0 0 0 692
3.9312248 0 0 0 692
3.9822277 0 0 0 692
4.0342307 0 0 0 692
4.0902339 0 0 0 692
4.1492373 0 0 0 692
4.2272418 0 0 0 692
4.2792447 0 0 0 692
4.3402482 0 0 0 820
4.4012517 0 0 0 820
4.4542547 0 0 0 820
4.5132581 0 0 0 820
4.5662612 0 0 0 820
4.6182641 0 0 0 820
4.6702671 0 0 0 820
4.7222701 0 0 0 820
4.7742731 0 0 0 820
4.8442771 0 0 0 1022
4.89628 0 0 0 1022
4.9512832 0 0 0 1022
5.0162869 0 0 0 1022
5.0682899 0 0 0 1022
5.1202928 0 0 0 1022
5.1722958 0 0 0 1022
5.2242988 0 0 0 1022
5.2763018 0 0 0 1022
5.3373053 0 0 0 1022
5.3893082 0 0 0 1022
5.4423113 0 0 0 1024
5.4953143 0 0 0 1024
5.5563178 0 0 0 1024
5.6083208 0 0 0 1024
5.6603237 0 0 0 1024
5.7133268 0 0 0 1024
5.7653297 0 0 0 1024
5.8293334 0 0 0 1024
5.8813364 0 0 0 1024
5.9463401 0 0 0 1027
5.9983431 0 0 0 1027
6.050346 0 0 0 1027
6.1043491 0 0 0 1027
6.1703529 0 0 0 1027
6.2263561 0 0 0 1027
