0.0290016 0 0 0 676
0.0830047 0 0 0 676
0.1340076 0 0 0 676
0.1850106 0 0 0 676
0.2360135 0 0 0 676
0.2890165 0 0 0 676
0.3400194 0 0 0 676
0.3920224 0 0 0 676
0.4430253 0 0 0 676
0.4940282 0 0 0 676
0.5460312 0 0 0 674
0.5990342 0 0 0 674
0.6520373 0 0 0 674
0.7030402 0 0 0 674
0.7650437 0 0 0 674
0.8180468 0 0 0 674
0.87405 0 0 0 674
0.9260529 0 0 0 674
0.9780559 0 0 0 674
1.0400595 0 0 0 673
1.0920624 0 0 0 673
1.1740671 0 0 0 673
1.2260701 0 0 0 673
1.2800732 0 0 0 673
1.3310761 0 0 0 673
1.4050803 0 0 0 673
1.4580834 0 0 0 673
1.5100864 0 0 0 673
1.5630894 0 0 0 918
1.6140923 0 0 0 918
1.6860964 0 0 0 918
1.7430997 0 0 0 918
1.7981028 0 0 0 918
1.8571062 0 0 0 918
1.9091092 0 0 0 918
1.9611122 0 0 0 918
2.0131151 0 0 0 918
2.0651181 0 0 0 1120
2.1171211 0 0 0 1120
2.169124 0 0 0 1120
2.221127 0 0 0 1120
2.2741301 0 0 0 1120
2.3271331 0 0 0 1120
2.3911367 0 0 0 1120
2.4511402 0 0 0 1120
2.5111436 0 0 0 1120
2.5631466 0 0 0 1123
2.6181497 0 0 0 1123
2.6701527 0 0 0 1123
2.7251559 0 0 0 1123
2.7771588 0 0 0 1123
2.832162 0 0 0 1123
2.8831649 0 0 0 1123
2.9351679 0 0 0 1123
2.9981715 0 0 0 1123
3.0501744 0 0 0 1125
3.1031775 0 0 0 1125
3.1551804 0 0 0 1125
3.2211842 0 0 0 1125
3.2781875 0 0 0 1125
3.3311905 0 0 0 1125
3.3821934 0 0 0 1125
3.4331963 0 0 0 1125
3.4962 0 0 0 1125
3.549203 0 0 0 1125
3.6102065 0 0 0 1130
3.6652096 0 0 0 1130
3.7162125 0 0 0 1130
3.7692156 0 0 0 1130
3.8262188 0 0 0 1130
3.8932227 0 0 0 1130
3.9442256 0 0 0 1130
4.0202299 0 0 0 1130
4.0722329 0 0 0 1130
4.126236 0 0 0 1130
4.1772389 0 0 0 1130
4.2392425 0 0 0 1126
4.2902454 0 0 0 1126
4.3442485 0 0 0 1126
4.3982515 0 0 0 1126
4.4502545 0 0 0 1126
4.5212586 0 0 0 1126
4.5722615 0 0 0 1122
4.6232644 0 0 0 1122
4.6752674 0 0 0 1122
4.7262703 0 0 0 1122
4.7772732 0 0 0 1122
4.8282761 0 0 0 1122
4.8802791 0 0 0 1122
4.931282 0 0 0 1122
4.983285 0 0 0 1122
5.0402883 0 0 0 1126
5.0912912 0 0 0 1126
5.1512946 0 0 0 1126
5.2022975 0 0 0 1126
5.2583007 0 0 0 1126
5.3093037 0 0 0 1126
5.3603066 0 0 0 1126
5.4113095 0 0 0 1126
