0.0330019 0 0 0 249
0.0940054 0 0 0 249
0.1530088 0 0 0 249
0.2040117 0 0 0 249
0.2550146 0 0 0 249
0.3060175 0 0 0 249
0.3570204 0 0 0 249
0.4080233 0 0 0 249
0.4600263 0 0 0 240
0.5210298 0 0 0 240
0.5810332 0 0 0 240
0.6320362 0 0 0 240
0.6830391 0 0 0 240
0.7500429 0 0 0 240
0.8010458 0 0 0 240
0.8520487 0 0 0 240
0.9030517 0 0 0 240
0.9600549 0 0 0 245
1.0120579 0 0 0 245
1.0930625 0 0 0 245
1.1840677 0 0 0 245
1.2360707 0 0 0 245
1.2890737 0 0 0 245
1.3480771 0 0 0 245
1.4010801 0 0 0 245
1.4530831 0 0 0 262
1.5120865 0 0 0 262
1.5640895 0 0 0 262
1.6150924 0 0 0 262
1.6670954 0 0 0 262
1.7280988 0 0 0 262
1.7811019 0 0 0 262
1.8331049 0 0 0 262
1.8861079 0 0 0 262
1.9551118 0 0 0 588
2.0071148 0 0 0 588
2.0581177 0 0 0 588
2.1351221 0 0 0 588
2.1871251 0 0 0 588
2.2391281 0 0 0 588
2.2961313 0 0 0 588
2.3581349 0 0 0 588
2.4211385 0 0 0 588
2.4731415 0 0 0 920
2.5321448 0 0 0 920
2.5831478 0 0 0 920
2.6351507 0 0 0 920
2.6991544 0 0 0 920
2.7511574 0 0 0 920
2.8031603 0 0 0 920
2.8541633 0 0 0 920
2.9071663 0 0 0 920
2.9591693 0 0 0 1105
3.0111722 0 0 0 1105
3.0631752 0 0 0 1105
3.1601808 0 0 0 1105
3.2121837 0 0 0 1105
3.2651868 0 0 0 1105
3.3171897 0 0 0 1105
3.3691927 0 0 0 1105
3.4211957 0 0 0 1105
3.4741987 0 0 0 1107
3.5472029 0 0 0 1107
3.6032061 0 0 0 1107
3.654209 0 0 0 1107
3.7052119 0 0 0 1107
3.7622152 0 0 0 1107
3.8132181 0 0 0 1107
3.8652211 0 0 0 1107
3.9172241 0 0 0 1107
3.968227 0 0 0 1105
4.0232301 0 0 0 1105
4.074233 0 0 0 1105
4.125236 0 0 0 1105
4.178239 0 0 0 1105
4.2292419 0 0 0 1105
4.2812449 0 0 0 1105
4.3552491 0 0 0 1105
4.406252 0 0 0 1105
4.4812563 0 0 0 1105
