0.0060003 0 0 0 494
0.0640036 0 0 0 494
0.1160066 0 0 0 496
0.1670095 0 0 0 496
0.2180124 0 0 0 496
0.2690153 0 0 0 496
0.3220184 0 0 0 496
0.3730213 0 0 0 496
0.4240242 0 0 0 496
0.5110292 0 0 0 496
0.5620321 0 0 0 496
0.6220355 0 0 0 496
0.7210412 0 0 0 494
0.7850449 0 0 0 494
0.8360478 0 0 0 494
0.8910509 0 0 0 494
0.945054 0 0 0 494
0.998057 0 0 0 494
1.0560604 0 0 0 494
1.1140637 0 0 0 499
1.1650666 0 0 0 499
1.2170696 0 0 0 499
1.2700726 0 0 0 499
1.3210755 0 0 0 499
1.3750786 0 0 0 499
1.4270816 0 0 0 499
1.4790845 0 0 0 499
1.5310875 0 0 0 499
1.5830905 0 0 0 499
1.6400938 0 0 0 499
1.6910967 0 0 0 499
1.7430997 0 0 0 785
1.7951026 0 0 0 785
1.8481057 0 0 0 785
1.9001086 0 0 0 785
1.9551118 0 0 0 785
2.0071148 0 0 0 785
2.064118 0 0 0 785
2.1261216 0 0 0 785
2.1781245 0 0 0 785
2.2321276 0 0 0 1114
2.2881308 0 0 0 1114
2.3391337 0 0 0 1114
2.3941369 0 0 0 1114
2.44914 0 0 0 1114
2.501143 0 0 0 1114
2.554146 0 0 0 1114
2.605149 0 0 0 1114
2.6621522 0 0 0 1114
2.7371565 0 0 0 1312
2.7881594 0 0 0 1312
2.8451627 0 0 0 1312
2.8971657 0 0 0 1312
2.9491686 0 0 0 1312
3.0021717 0 0 0 1312
3.0541746 0 0 0 1312
3.1081777 0 0 0 1312
3.1601807 0 0 0 1312
3.2121837 0 0 0 1198
3.2651867 0 0 0 1198
3.3161896 0 0 0 1198
3.3691927 0 0 0 1198
3.4211956 0 0 0 1198
3.4891995 0 0 0 1198
3.5462028 0 0 0 1198
3.5972057 0 0 0 1198
3.6502087 0 0 0 1198
3.7022117 0 0 0 995
3.7642153 0 0 0 995
3.8242187 0 0 0 995
3.8812219 0 0 0 995
3.9442255 0 0 0 995
4.0012288 0 0 0 995
4.0532318 0 0 0 995
4.1072349 0 0 0 995
4.1592378 0 0 0 995
4.2102408 0 0 0 997
4.2742444 0 0 0 997
4.3252473 0 0 0 997
4.3762503 0 0 0 997
4.4272532 0 0 0 997
4.4862566 0 0 0 997
4.5372595 0 0 0 997
4.5882624 0 0 0 997
4.6392653 0 0 0 997
4.7352708 0 0 0 1001
4.7862737 0 0 0 1001
4.8372766 0 0 0 1001
4.8882795 0 0 0 1001
4.9412826 0 0 0 1001
4.9932856 0 0 0 1001
5.0442885 0 0 0 1001
5.0982916 0 0 0 1001
5.1492945 0 0 0 1001
5.2232987 0 0 0 999
5.2753017 0 0 0 999
5.3263046 0 0 0 999
5.3783076 0 0 0 999
5.4313106 0 0 0 999
5.4823135 0 0 0 999
5.5333164 0 0 0 999
5.5853194 0 0 0 999
5.6453228 0 0 0 999
5.7023261 0 0 0 999
5.7573293 0 0 0 999
5.8503346 0 0 0 999
5.9063378 0 0 0 999
5.9813421 0 0 0 999
6.0353452 0 0 0 999
6.0893482 0 0 0 999
6.1403512 0 0 0 999
6.2063549 0 0 0 994
6.2573579 0 0 0 994
6.3103609 0 0 0 994
6.3613638 0 0 0 994
6.4123667 0 0 0 994
6.46937 0 0 0 994
6.521373 0 0 0 994
6.5813764 0 0 0 994
6.6363795 0 0 0 994
6.697383 0 0 0 1000
6.7483859 0 0 0 1000
6.8043891 0 0 0 1000
6.8553921 0 0 0 1000
6.9153955 0 0 0 1000
6.9683985 0 0 0 1000
