0.0280016 0.940000000000001 0 0
0.0780045 0.945000000000001 0 0
0.1280073 0.950000000000001 0 0
0.1780102 0.955000000000001 0 0
0.2280131 0.960000000000001 0 0
0.2780159 0.965000000000001 0 0
0.3280188 0.970000000000001 0 0
0.3780216 0.975000000000001 0 0
0.4280245 0.980000000000001 0 0
0.4780274 0.985000000000001 0 0
0.5280302 0.990000000000001 0 0
0.5780331 0.995000000000001 0 0
0.6280359 1 0 0
0.6780388 1.005 0 0
0.7280417 1.01 0 0
0.7780445 1.015 0 0
0.8280474 1.02 0 0
0.8780502 1.025 0 0
0.9280531 1.03 0 0
0.978056 1.035 0 0
1.0280588 1.04 0 0
1.0780617 1.045 0 0
1.1280645 1.05 0 0
1.1780674 1.055 0 0
1.2280703 1.06 0 0
1.2780731 1.065 0 0
1.328076 1.07 0 0
1.3780788 1.075 0 0
1.4280817 1.08 0 0
1.4780846 1.085 0 0
1.5280874 1.09 0 0
1.5780903 1.095 0 0
1.6280931 1.1 0 0
1.678096 1.105 0 0
1.7280989 1.11 0 0
1.7781017 1.115 0 0
1.8281046 1.12 0 0
1.8781074 1.125 0 0
1.9281103 1.13 0 0
1.9781132 1.135 0 0
2.028116 1.14 0 0
2.0781189 1.145 0 0
2.1281217 1.15 0 0
2.1781246 1.155 0 0
2.2281275 1.16 0 0
2.2781303 1.165 0 0
2.3281332 1.17 0 0
2.378136 1.175 0 0
2.4281389 1.18 0 0
2.4781418 1.185 0 0
2.5281446 1.19 0 0
2.5781475 1.195 0 0
2.6281503 1.2 0 0
2.6781532 1.205 0 0
2.7281561 1.21 0 0
2.7781589 1.215 0 0
2.8281618 1.22 0 0
2.8781646 1.225 0 0
2.9281675 1.23 0 0
2.9781704 1.235 0 0
3.0281732 1.24 0 0
3.0781761 1.245 0 0
3.1281789 1.25 0 0
3.1781818 1.255 0 0
3.2281847 1.26 0 0
3.2781875 1.265 0 0
3.3281904 1.26999999999999 0 0
3.3781932 1.27499999999999 0 0
3.4281961 1.27999999999999 0 0
3.478199 1.28499999999999 0 0
3.5282018 1.28999999999999 0 0
3.5782047 1.29499999999999 0 0
3.6282075 1.29999999999999 0 0
3.6782104 1.30499999999999 0 0
3.7282133 1.30999999999999 0 0
3.7782161 1.31499999999999 0 0
3.828219 1.31999999999999 0 0
3.8782218 1.32499999999999 0 0
3.9282247 1.32999999999999 0 0
3.9782276 1.33499999999999 0 0
4.0282304 1.33999999999999 0 0
4.0782333 1.34499999999999 0 0
4.1282361 1.34999999999999 0 0
4.178239 1.35499999999999 0 0
4.2282419 1.35999999999999 0 0
4.2782447 1.36499999999999 0 0
4.3282476 1.36999999999999 0 0
4.3782504 1.37499999999999 0 0
4.4282533 1.37999999999999 0 0
4.4782562 1.38499999999999 0 0
4.528259 1.38999999999999 0 0
4.5782619 1.39499999999999 0 0
4.6282647 1.39999999999999 0 0
4.6782676 1.40499999999999 0 0
4.7282705 1.40999999999999 0 0
4.7782733 1.41499999999999 0 0
4.8282762 1.41999999999999 0 0
4.878279 1.42499999999999 0 0
4.9282819 1.42999999999999 0 0
4.9782848 1.43499999999999 0 0
5.0282876 1.43999999999999 0 0
5.0782905 1.44499999999999 0 0
5.1282933 1.44999999999999 0 0
5.1782962 1.45499999999999 0 0
5.2282991 1.45999999999999 0 0
5.2783019 1.46499999999999 0 0
5.3283048 1.46999999999999 0 0
5.3783076 1.47499999999999 0 0
5.4283105 1.47999999999999 0 0
5.4783134 1.48499999999999 0 0
5.5283162 1.48999999999999 0 0
5.5783191 1.49499999999999 0 0
5.6283219 1.49999999999999 0 0
5.6783248 1.50499999999999 0 0
5.7283277 1.50999999999999 0 0
5.7783305 1.51499999999999 0 0
5.8283334 1.51999999999999 0 0
5.8783362 1.52499999999999 0 0
5.9283391 1.52999999999999 0 0
5.978342 1.53499999999999 0 0
6.0283448 1.53999999999999 0 0
6.0783477 1.54499999999999 0 0
6.1283505 1.54999999999999 0 0
6.1783534 1.55499999999999 0 0
6.2283563 1.55999999999999 0 0
6.2783591 1.56499999999999 0 0
6.328362 1.56999999999999 0 0
6.3783648 1.57499999999999 0 0
6.4283677 1.57999999999999 0 0
6.4783706 1.58499999999999 0 0
6.5283734 1.58999999999999 0 0
6.5783763 1.59499999999999 0 0
6.6283791 1.59999999999999 0 0
6.678382 1.60499999999999 0 0
6.7283849 1.60999999999999 0 0
6.7783877 1.61499999999999 0 0
6.8283906 1.61999999999999 0 0
6.8783934 1.62499999999999 0 0
6.9283963 1.62999999999999 0 0
6.9783992 1.63499999999999 0 0
7.028402 1.63999999999999 0 0
7.0784049 1.64499999999999 0 0
7.1284077 1.64999999999999 0 0
7.1784106 1.65499999999999 0 0
7.2284135 1.65999999999999 0 0
7.2784163 1.66499999999999 0 0
7.3284192 1.66999999999999 0 0
7.378422 1.67499999999999 0 0
7.4284249 1.67999999999999 0 0
7.4784278 1.68499999999999 0 0
7.5284306 1.68999999999999 0 0
7.5784335 1.69499999999999 0 0
7.6284363 1.69999999999999 0 0
7.6784392 1.70499999999999 0 0
7.7284421 1.70999999999999 0 0
7.7784449 1.71499999999999 0 0
7.8284478 1.71999999999999 0 0
7.8784506 1.72499999999999 0 0
7.9284535 1.72999999999999 0 0
7.9784564 1.73499999999999 0 0
8.0284592 1.73999999999998 0 0
8.0784621 1.74499999999998 0 0
8.1284649 1.74999999999998 0 0
8.1784678 1.75499999999998 0 0
8.2284707 1.75999999999998 0 0
8.2784735 1.76499999999998 0 0
8.3284764 1.76999999999998 0 0
8.3784792 1.77499999999998 0 0
8.4284821 1.77999999999998 0 0
8.478485 1.78499999999998 0 0
8.5284878 1.78999999999998 0 0
8.5784907 1.79499999999998 0 0
8.6284935 1.79999999999998 0 0
8.6784964 1.80499999999998 0 0
8.7284993 1.80999999999998 0 0
8.7785021 1.81499999999998 0 0
8.828505 1.81999999999998 0 0
8.8795079 1.82499999999998 0 0
8.9295108 1.82999999999998 0 0
8.9795136 1.83499999999998 0 0
9.0295165 1.83999999999998 0 0
9.0795193 1.84499999999998 0 0
9.1295222 1.84999999999998 0 0
9.1795251 1.85499999999998 0 0
9.2295279 1.85999999999998 0 0
9.2795308 1.86499999999998 0 0
9.3295336 1.86999999999998 0 0
9.3795365 1.87499999999998 0 0
9.4295394 1.87999999999998 0 0
9.4795422 1.88499999999998 0 0
9.5295451 1.88999999999998 0 0
9.5795479 1.89499999999998 0 0
9.6295508 1.89999999999998 0 0
9.6795537 1.90499999999998 0 0
9.7295565 1.90999999999998 0 0
9.7795594 1.91499999999998 0 0
9.8295622 1.91999999999998 0 0
9.8795651 1.92499999999998 0 0
9.929568 1.92999999999998 0 0
9.9795708 1.93499999999998 0 0
10.0295737 1.93999999999998 0 0
10.0795765 1.94499999999998 0 0
10.1295794 1.94999999999998 0 0
10.1795823 1.95499999999998 0 0
10.2295851 1.95999999999998 0 0
10.279588 1.96499999999998 0 0
10.3295908 1.96999999999998 0 0
10.3795937 1.97499999999998 0 0
10.4345968 1.97999999999998 0 0
10.4845997 1.98499999999998 0 0
10.5346026 1.98999999999998 0 0
10.5846054 1.99499999999998 0 0
10.6346083 1.99999999999998 0 0
10.6846111 2.00499999999998 0 0
10.734614 2.00999999999998 0 0
10.7846169 2.01499999999998 0 0
10.8346197 2.01999999999998 0 0
10.8846226 2.02499999999998 0 0
10.9346254 2.02999999999998 0 0
10.9846283 2.03499999999998 0 0
11.0346312 2.03999999999998 0 0
11.084634 2.04499999999998 0 0
11.1346369 2.04999999999998 0 0
11.1846397 2.05499999999998 0 0
11.2346426 2.05999999999998 0 0
11.2846455 2.06499999999998 0 0
11.3346483 2.06999999999998 0 0
11.3846512 2.07499999999998 0 0
11.434654 2.07999999999998 0 0
11.4846569 2.08499999999998 0 0
11.5346598 2.08999999999998 0 0
11.5846626 2.09499999999998 0 0
11.6346655 2.09999999999998 0 0
11.6846683 2.10499999999998 0 0
11.7346712 2.10999999999998 0 0
11.7846741 2.11499999999998 0 0
11.8346769 2.11999999999998 0 0
11.8846798 2.12499999999998 0 0
11.9346826 2.12999999999998 0 0
11.9846855 2.13499999999998 0 0
12.0346884 2.13999999999998 0 0
12.0846912 2.14499999999998 0 0
12.1346941 2.14999999999998 0 0
12.1846969 2.15499999999998 0 0
12.2346998 2.15999999999998 0 0
12.2847027 2.16499999999998 0 0
12.3347055 2.16999999999998 0 0
12.3847084 2.17499999999998 0 0
12.4347112 2.17999999999998 0 0
12.4847141 2.18499999999998 0 0
12.534717 2.18999999999998 0 0
12.5847198 2.19499999999998 0 0
12.6347227 2.19999999999998 0 0
12.6847255 2.20499999999998 0 0
12.7347284 2.20999999999998 0 0
12.7847313 2.21499999999998 0 0
12.8347341 2.21999999999997 0 0
12.884737 2.22499999999997 0 0
12.9347398 2.22999999999997 0 0
12.9847427 2.23499999999997 0 0
13.0347456 2.23999999999997 0 0
13.0847484 2.24499999999997 0 0
13.1347513 2.24999999999997 0 0
13.1847541 2.25499999999997 0 0
13.234757 2.25999999999997 0 0
13.2847599 2.26499999999997 0 0
13.3347627 2.26999999999997 0 0
13.3847656 2.27499999999997 0 0
13.4347684 2.27999999999997 0 0
13.4847713 2.28499999999997 0 0
13.5347742 2.28999999999997 0 0
13.584777 2.29499999999997 0 0
13.6347799 2.29999999999997 0 0
13.6847827 2.30499999999997 0 0
13.7347856 2.30999999999997 0 0
13.7847885 2.31499999999997 0 0
13.8347913 2.31999999999997 0 0
13.8847942 2.32499999999997 0 0
13.934797 2.32999999999997 0 0
13.9847999 2.33499999999997 0 0
14.0348028 2.33999999999997 0 0
14.0848056 2.34499999999997 0 0
14.1348085 2.34999999999997 0 0
14.1848113 2.35499999999997 0 0
14.2348142 2.35999999999997 0 0
14.2848171 2.36499999999997 0 0
14.3348199 2.36999999999997 0 0
14.3848228 2.37499999999997 0 0
14.4348256 2.37999999999997 0 0
14.4848285 2.38499999999997 0 0
14.5348314 2.38999999999997 0 0
14.5848342 2.39499999999997 0 0
14.6348371 2.39999999999997 0 0
14.6848399 2.40499999999997 0 0
14.7348428 2.40999999999997 0 0
14.7848457 2.41499999999997 0 0
14.8348485 2.41999999999997 0 0
14.8848514 2.42499999999997 0 0
14.9348542 2.42999999999997 0 0
14.9848571 2.43499999999997 0 0
15.03486 2.43999999999997 0 0
15.0848628 2.44499999999997 0 0
15.1348657 2.44999999999997 0 0
15.1848685 2.45499999999997 0 0
15.2348714 2.45999999999997 0 0
15.2848743 2.46499999999997 0 0
15.3348771 2.46999999999997 0 0
15.38488 2.47499999999997 0 0
15.4348828 2.47999999999997 0 0
15.4848857 2.48499999999997 0 0
15.5348886 2.48999999999997 0 0
15.5848914 2.49499999999997 0 0
15.6348943 2.49999999999997 0 0
15.6848971 2.50499999999997 0 0
15.7349 2.50999999999997 0 0
15.7849029 2.51499999999997 0 0
15.8349057 2.51999999999997 0 0
15.8849086 2.52499999999997 0 0
15.9349114 2.52999999999997 0 0
15.9849143 2.53499999999997 0 0
16.0349172 2.53999999999997 0 0
16.08492 2.54499999999997 0 0
16.1349229 2.54999999999997 0 0
16.1859258 2.55499999999997 0 0
16.2359287 2.55999999999997 0 0
16.2859315 2.56499999999997 0 0
16.3359344 2.56999999999997 0 0
16.3859372 2.57499999999997 0 0
16.4359401 2.57999999999997 0 0
16.485943 2.58499999999997 0 0
16.5359458 2.58999999999997 0 0
16.5859487 2.59499999999997 0 0
16.6359515 2.59999999999997 0 0
16.6859544 2.60499999999997 0 0
16.7359573 2.60999999999997 0 0
16.7859601 2.61499999999997 0 0
16.835963 2.61999999999997 0 0
16.8859658 2.62499999999997 0 0
16.9359687 2.62999999999997 0 0
16.9859716 2.63499999999997 0 0
17.0359744 2.63999999999997 0 0
17.0859773 2.64499999999997 0 0
17.1359801 2.64999999999997 0 0
17.185983 2.65499999999997 0 0
17.2359859 2.65999999999997 0 0
17.2859887 2.66499999999997 0 0
17.3359916 2.66999999999997 0 0
17.3859944 2.67499999999997 0 0
17.4359973 2.67999999999997 0 0
17.4860002 2.68499999999997 0 0
17.536003 2.68999999999996 0 0
17.5860059 2.69499999999996 0 0
17.6360087 2.69999999999996 0 0
17.6860116 2.70499999999996 0 0
17.7360145 2.70999999999996 0 0
17.7860173 2.71499999999996 0 0
17.8360202 2.71999999999996 0 0
17.886023 2.72499999999996 0 0
17.9360259 2.72999999999996 0 0
17.9860288 2.73499999999996 0 0
18.0360316 2.73999999999996 0 0
18.0860345 2.74499999999996 0 0
18.1360373 2.74999999999996 0 0
18.1860402 2.75499999999996 0 0
18.2360431 2.75999999999996 0 0
18.2860459 2.76499999999996 0 0
18.3360488 2.76999999999996 0 0
18.3860516 2.77499999999996 0 0
18.4360545 2.77999999999996 0 0
18.4860574 2.78499999999996 0 0
18.5360602 2.78999999999996 0 0
18.5860631 2.79499999999996 0 0
18.6360659 2.79999999999996 0 0
18.6860688 2.80499999999996 0 0
18.7360717 2.80999999999996 0 0
18.7860745 2.81499999999996 0 0
18.8360774 2.81999999999996 0 0
18.8860802 2.82499999999996 0 0
18.9360831 2.82999999999996 0 0
18.986086 2.83499999999996 0 0
19.0360888 2.83999999999996 0 0
19.0860917 2.84499999999996 0 0
19.1360945 2.84999999999996 0 0
19.1860974 2.85499999999996 0 0
19.2361003 2.85999999999996 0 0
19.2861031 2.86499999999996 0 0
19.336106 2.86999999999996 0 0
19.3861088 2.87499999999996 0 0
19.4361117 2.87999999999996 0 0
19.4861146 2.88499999999996 0 0
19.5361174 2.88999999999996 0 0
19.5861203 2.89499999999996 0 0
19.6361231 2.89999999999996 0 0
19.686126 2.90499999999996 0 0
19.7361289 2.90999999999996 0 0
19.7861317 2.91499999999996 0 0
19.8361346 2.91999999999996 0 0
19.8861374 2.92499999999996 0 0
19.9361403 2.92999999999996 0 0
19.9861432 2.93499999999996 0 0
20.036146 2.93999999999996 0 0
20.0861489 2.94499999999996 0 0
20.1361517 2.94999999999996 0 0
20.1861546 2.95499999999996 0 0
20.2361575 2.95999999999996 0 0
