0.0080005 0 0 0 370
0.0850049 0 0 0 370
0.1610092 0 0 0 370
0.244014 0 0 0 370
0.3650209 0 0 0 370
0.4410253 0 0 0 370
0.5340306 0 0 0 373
0.611035 0 0 0 373
0.7550432 0 0 0 373
0.8310476 0 0 0 373
0.9100521 0 0 0 373
0.9870565 0 0 0 373
1.0630608 0 0 0 373
1.1520659 0 0 0 373
1.2280703 0 0 0 373
1.3040746 0 0 0 373
1.380079 0 0 0 373
1.4630837 0 0 0 376
1.5410882 0 0 0 376
1.6180926 0 0 0 376
1.695097 0 0 0 376
1.7741015 0 0 0 376
1.8511059 0 0 0 376
1.9491115 0 0 0 376
2.0261159 0 0 0 441
2.1351222 0 0 0 441
2.2121266 0 0 0 441
2.3031318 0 0 0 441
2.412138 0 0 0 441
2.499143 0 0 0 623
2.5881481 0 0 0 623
2.6651525 0 0 0 623
2.7521574 0 0 0 623
2.831162 0 0 0 623
2.9111665 0 0 0 623
3.0001716 0 0 0 765
3.0871766 0 0 0 765
3.1661811 0 0 0 765
3.2451856 0 0 0 765
3.3241902 0 0 0 765
3.4061949 0 0 0 765
3.5262017 0 0 0 936
3.6092065 0 0 0 936
3.7032118 0 0 0 936
3.7812163 0 0 0 936
3.8582207 0 0 0 936
3.9352251 0 0 0 936
4.0182299 0 0 0 1019
4.1032347 0 0 0 1019
4.1872395 0 0 0 1019
4.265244 0 0 0 1019
4.3442485 0 0 0 1019
4.4242531 0 0 0 1019
4.5052577 0 0 0 1025
4.5932628 0 0 0 1025
4.6722673 0 0 0 1025
4.754272 0 0 0 1025
4.8312764 0 0 0 1025
4.9552835 0 0 0 1025
5.034288 0 0 0 1026
5.1152926 0 0 0 1026
5.191297 0 0 0 1026
5.2773019 0 0 0 1026
5.3543063 0 0 0 1026
5.4303106 0 0 0 1026
5.5183157 0 0 0 1022
5.5963201 0 0 0 1022
5.6723245 0 0 0 1022
5.7483288 0 0 0 1022
5.8243332 0 0 0 1022
5.9003375 0 0 0 1022
5.9773419 0 0 0 1025
6.0543463 0 0 0 1025
6.1383511 0 0 0 1025
6.2143555 0 0 0 1025
6.29336 0 0 0 1025
6.3703644 0 0 0 1025
6.4473688 0 0 0 1025
6.5273734 0 0 0 1019
