0.0200011 0 0 0 2809
0.0740042 0 0 0 2809
0.1260072 0 0 0 2809
0.1770101 0 0 0 2809
0.2290131 0 0 0 2809
0.2820161 0 0 0 2809
0.333019 0 0 0 2809
0.3890222 0 0 0 2809
0.4410252 0 0 0 2804
0.52503 0 0 0 2804
0.5960341 0 0 0 2804
0.6520373 0 0 0 2804
0.7040403 0 0 0 2804
0.8090463 0 0 0 2804
0.8610492 0 0 0 2804
0.9120522 0 0 0 2804
0.9630551 0 0 0 2808
1.0170582 0 0 0 2808
1.0690611 0 0 0 2808
1.1380651 0 0 0 2808
1.1900681 0 0 0 2808
1.242071 0 0 0 2808
1.3130751 0 0 0 2808
1.364078 0 0 0 2808
1.4150809 0 0 0 2808
1.486085 0 0 0 2722
1.5370879 0 0 0 2722
1.5890909 0 0 0 2722
1.6410939 0 0 0 2722
1.7040975 0 0 0 2722
1.7561004 0 0 0 2722
1.8081034 0 0 0 2722
1.8601064 0 0 0 2722
1.9221099 0 0 0 2722
1.976113 0 0 0 2369
2.0271159 0 0 0 2369
2.09812 0 0 0 2369
2.1491229 0 0 0 2369
2.2091263 0 0 0 2369
2.2601293 0 0 0 2369
2.3511345 0 0 0 2369
2.4021374 0 0 0 2369
2.4551404 0 0 0 1998
2.552146 0 0 0 1998
2.6041489 0 0 0 1998
2.6561519 0 0 0 1998
2.7161553 0 0 0 1998
2.7671583 0 0 0 1998
2.8181612 0 0 0 1998
2.8701642 0 0 0 1998
2.9471686 0 0 0 1633
2.9981715 0 0 0 1633
3.0501744 0 0 0 1633
3.1041775 0 0 0 1633
3.1561805 0 0 0 1633
3.2091835 0 0 0 1633
3.2611865 0 0 0 1633
3.3261902 0 0 0 1633
3.3851936 0 0 0 1633
3.4371966 0 0 0 1633
3.4901996 0 0 0 1633
3.5522032 0 0 0 1633
3.6032061 0 0 0 1184
3.6552091 0 0 0 1184
3.706212 0 0 0 1184
3.7582149 0 0 0 1184
3.8102179 0 0 0 1184
3.8732215 0 0 0 1184
3.9412254 0 0 0 1184
4.0022289 0 0 0 1184
4.0542319 0 0 0 975
4.1062348 0 0 0 975
4.1582378 0 0 0 975
4.2102408 0 0 0 975
4.2612437 0 0 0 975
4.3232473 0 0 0 975
4.3752502 0 0 0 975
4.4272532 0 0 0 975
4.4782561 0 0 0 983
4.5302591 0 0 0 983
4.5822621 0 0 0 983
4.6342651 0 0 0 983
4.7122695 0 0 0 983
4.7632724 0 0 0 983
4.8172755 0 0 0 983
4.8682784 0 0 0 983
4.9262818 0 0 0 983
4.9772847 0 0 0 978
5.0302877 0 0 0 978
5.0822907 0 0 0 978
5.1352937 0 0 0 978
5.1862966 0 0 0 978
5.2382996 0 0 0 978
5.2943028 0 0 0 978
5.3463058 0 0 0 978
5.4063092 0 0 0 978
5.4593122 0 0 0 978
5.5103152 0 0 0 978
5.5653183 0 0 0 983
5.6313221 0 0 0 983
5.6883253 0 0 0 983
5.7413284 0 0 0 983
5.7923313 0 0 0 983
5.8443343 0 0 0 983
5.8993374 0 0 0 983
