0.0330019 0 0 0 2788
0.1060061 0 0 0 2788
0.157009 0 0 0 2788
0.209012 0 0 0 2788
0.2600149 0 0 0 2788
0.3160181 0 0 0 2788
0.3680211 0 0 0 2788
0.419024 0 0 0 2788
0.4760272 0 0 0 2787
0.5270302 0 0 0 2787
0.5810332 0 0 0 2787
0.6340363 0 0 0 2787
0.7200412 0 0 0 2787
0.7710441 0 0 0 2787
0.822047 0 0 0 2787
0.87405 0 0 0 2787
0.9250529 0 0 0 2787
0.9760558 0 0 0 2783
1.0280588 0 0 0 2783
1.0870622 0 0 0 2783
1.1390652 0 0 0 2783
1.1900681 0 0 0 2783
1.241071 0 0 0 2783
1.2950741 0 0 0 2783
1.346077 0 0 0 2783
1.3970799 0 0 0 2783
1.4480828 0 0 0 2783
1.5060862 0 0 0 2789
1.5570891 0 0 0 2789
1.608092 0 0 0 2789
1.6590949 0 0 0 2789
1.7340992 0 0 0 2789
1.7851021 0 0 0 2789
1.836105 0 0 0 2789
1.8961085 0 0 0 2789
1.9481114 0 0 0 2789
1.9991144 0 0 0 2789
2.0521174 0 0 0 2789
2.1041204 0 0 0 2789
2.1561233 0 0 0 2789
2.2101264 0 0 0 2789
2.2661296 0 0 0 2789
2.3311333 0 0 0 2789
2.3831363 0 0 0 2789
2.4351393 0 0 0 2789
2.4931426 0 0 0 2784
2.5451456 0 0 0 2784
2.5971486 0 0 0 2784
2.6481515 0 0 0 2784
2.7001545 0 0 0 2784
2.7521574 0 0 0 2784
2.8031603 0 0 0 2784
2.8551633 0 0 0 2784
2.9211671 0 0 0 2784
2.9751702 0 0 0 2513
3.0311734 0 0 0 2513
3.0851765 0 0 0 2513
3.1561805 0 0 0 2513
3.2081835 0 0 0 2513
3.2681869 0 0 0 2513
3.3201899 0 0 0 2513
3.3721929 0 0 0 2513
3.4251959 0 0 0 2513
3.5152011 0 0 0 2168
3.567204 0 0 0 2168
3.6202071 0 0 0 2168
3.6732101 0 0 0 2168
3.7262131 0 0 0 2168
3.7782161 0 0 0 2168
3.829219 0 0 0 2168
3.8862223 0 0 0 2168
3.950226 0 0 0 2168
4.0152297 0 0 0 1794
4.0672326 0 0 0 1794
4.1192356 0 0 0 1794
4.1712386 0 0 0 1794
4.2232416 0 0 0 1794
4.283245 0 0 0 1794
4.3522489 0 0 0 1794
4.4032519 0 0 0 1794
4.4552548 0 0 0 1794
4.510258 0 0 0 1419
4.5742616 0 0 0 1419
4.6262646 0 0 0 1419
4.6832679 0 0 0 1419
4.7342708 0 0 0 1419
4.7882739 0 0 0 1419
4.8402769 0 0 0 1419
4.8982802 0 0 0 1419
4.9502832 0 0 0 1419
5.0042862 0 0 0 1092
5.0582893 0 0 0 1092
5.1102923 0 0 0 1092
5.1862967 0 0 0 1092
5.2382996 0 0 0 1092
5.3083036 0 0 0 1092
5.3723073 0 0 0 1092
5.4233102 0 0 0 1092
5.4753132 0 0 0 1092
5.5283162 0 0 0 892
5.5803192 0 0 0 892
5.6323222 0 0 0 892
5.6903255 0 0 0 892
5.7573293 0 0 0 892
5.8083322 0 0 0 892
5.8603352 0 0 0 892
5.9123382 0 0 0 892
5.9813421 0 0 0 892
6.032345 0 0 0 896
6.0873482 0 0 0 896
6.1393512 0 0 0 896
6.1913541 0 0 0 896
6.2423571 0 0 0 896
6.311361 0 0 0 896
6.363364 0 0 0 896
6.415367 0 0 0 896
6.4673699 0 0 0 896
6.5183728 0 0 0 883
6.5713759 0 0 0 883
6.6223788 0 0 0 883
6.7143841 0 0 0 883
6.765387 0 0 0 883
6.8243903 0 0 0 883
6.8763933 0 0 0 883
6.9333966 0 0 0 883
6.9954001 0 0 0 883
7.046403 0 0 0 894
7.098406 0 0 0 894
7.1494089 0 0 0 894
7.2014119 0 0 0 894
7.2544149 0 0 0 894
7.3054179 0 0 0 894
7.3564208 0 0 0 894
7.4254247 0 0 0 894
7.4784278 0 0 0 894
7.5394312 0 0 0 886
7.5904342 0 0 0 886
7.6414371 0 0 0 886
7.69244 0 0 0 886
7.7434429 0 0 0 886
7.7954459 0 0 0 886
7.8514491 0 0 0 886
7.9104525 0 0 0 886
7.9624554 0 0 0 886
8.0134584 0 0 0 886
8.0664614 0 0 0 886
8.1194644 0 0 0 886
8.1704673 0 0 0 885
8.2214703 0 0 0 885
8.2784735 0 0 0 885
8.3304765 0 0 0 885
