0.0490028 0 0 0 352
0.1250072 0 0 0 352
0.2010115 0 0 0 352
0.2770158 0 0 0 351
0.3720213 0 0 0 351
0.4500257 0 0 0 351
0.5270301 0 0 0 351
0.7500429 0 0 0 354
0.8260473 0 0 0 354
0.9020516 0 0 0 354
0.996057 0 0 0 354
1.0720613 0 0 0 354
1.1500658 0 0 0 354
1.2280702 0 0 0 360
1.3160753 0 0 0 360
1.3920796 0 0 0 360
1.468084 0 0 0 360
1.5510887 0 0 0 360
1.6270931 0 0 0 360
1.7030974 0 0 0 360
1.7891023 0 0 0 349
1.8651067 0 0 0 349
1.9541118 0 0 0 349
2.0331163 0 0 0 349
2.1101207 0 0 0 349
2.2001258 0 0 0 349
2.2881309 0 0 0 368
2.4091378 0 0 0 368
2.4861422 0 0 0 368
2.5681469 0 0 0 368
2.6451513 0 0 0 368
2.7261559 0 0 0 532
2.8081606 0 0 0 532
2.885165 0 0 0 532
2.97217 0 0 0 532
3.0501745 0 0 0 532
3.1411797 0 0 0 532
3.2301848 0 0 0 532
3.3081892 0 0 0 736
3.409195 0 0 0 736
3.4861994 0 0 0 736
3.5702042 0 0 0 736
3.6472086 0 0 0 736
3.7262131 0 0 0 736
3.8032175 0 0 0 976
3.8802219 0 0 0 976
3.9722272 0 0 0 976
4.0552319 0 0 0 976
4.1372366 0 0 0 976
4.2282418 0 0 0 976
4.3092465 0 0 0 1099
4.3872509 0 0 0 1099
4.4742559 0 0 0 1099
4.5552605 0 0 0 1099
4.633265 0 0 0 1099
4.72027 0 0 0 1099
4.7992745 0 0 0 1096
4.877279 0 0 0 1096
4.9562835 0 0 0 1096
5.0552891 0 0 0 1096
5.1372938 0 0 0 1096
5.2152983 0 0 0 1096
5.2963029 0 0 0 1099
5.3753075 0 0 0 1099
5.4743131 0 0 0 1099
5.560318 0 0 0 1099
5.6523233 0 0 0 1099
5.7643297 0 0 0 1096
5.8423342 0 0 0 1096
5.9203386 0 0 0 1096
5.9993431 0 0 0 1096
6.0773476 0 0 0 1096
6.1593523 0 0 0 1096
6.2383568 0 0 0 1096
6.328362 0 0 0 1100
6.4053664 0 0 0 1100
6.4873711 0 0 0 1100
6.5693757 0 0 0 1100
6.6713816 0 0 0 1100
6.7593866 0 0 0 1101
6.8373911 0 0 0 1101
6.923396 0 0 0 1101
6.9994003 0 0 0 1101
7.0884054 0 0 0 1101
7.1694101 0 0 0 1101
7.2454144 0 0 0 1101
7.3214188 0 0 0 1099
7.3984232 0 0 0 1099
7.4754276 0 0 0 1099
7.5664328 0 0 0 1099
7.6454373 0 0 0 1099
7.7214416 0 0 0 1099
7.8014462 0 0 0 1100
7.8784506 0 0 0 1100
7.954455 0 0 0 1100
8.0304593 0 0 0 1100
8.1064637 0 0 0 1100
8.1834681 0 0 0 1100
8.2604725 0 0 0 1100
8.3464774 0 0 0 1100
8.4224817 0 0 0 1100
8.4994861 0 0 0 1100
8.5764906 0 0 0 1100
8.6524949 0 0 0 1100
8.7394999 0 0 0 1100
8.9485118 0 0 0 1099
9.0245162 0 0 0 1099
9.1125212 0 0 0 1099
9.1895256 0 0 0 1099
9.26653 0 0 0 1099
9.3645356 0 0 0 1099
9.44154 0 0 0 1101
9.5175444 0 0 0 1101
