0.0060003 0 0 0 478
0.0820047 0 0 0 478
0.1360077 0 0 0 478
0.1900108 0 0 0 478
0.246014 0 0 0 478
0.297017 0 0 0 478
0.35102 0 0 0 475
0.402023 0 0 0 475
0.4710269 0 0 0 475
0.5340305 0 0 0 475
0.5850334 0 0 0 475
0.6370364 0 0 0 475
0.6890394 0 0 0 475
0.7440425 0 0 0 475
0.7950454 0 0 0 475
0.8480485 0 0 0 475
0.9000514 0 0 0 481
0.9510544 0 0 0 481
1.0050574 0 0 0 481
1.0810618 0 0 0 481
1.1320647 0 0 0 481
1.1830676 0 0 0 481
1.2390708 0 0 0 481
1.2910738 0 0 0 481
1.347077 0 0 0 481
1.4120807 0 0 0 624
1.4640837 0 0 0 624
1.5190869 0 0 0 624
1.5700898 0 0 0 624
1.6230928 0 0 0 624
1.7010973 0 0 0 624
1.7561004 0 0 0 624
1.8081034 0 0 0 624
1.8611064 0 0 0 950
1.9131094 0 0 0 950
1.9701126 0 0 0 950
2.0221156 0 0 0 950
2.0911196 0 0 0 950
2.1431225 0 0 0 950
2.1951255 0 0 0 950
2.2511287 0 0 0 950
2.3101321 0 0 0 950
2.3621351 0 0 0 1127
2.413138 0 0 0 1127
2.4691412 0 0 0 1127
2.5201441 0 0 0 1127
2.5721471 0 0 0 1127
2.62315 0 0 0 1127
2.6801533 0 0 0 1127
2.7311562 0 0 0 1127
2.7831592 0 0 0 1127
2.8461628 0 0 0 1124
2.9011659 0 0 0 1124
2.9521688 0 0 0 1124
3.0041718 0 0 0 1124
3.0611751 0 0 0 1124
3.112178 0 0 0 1124
3.1631809 0 0 0 1124
3.2141838 0 0 0 1124
3.2651867 0 0 0 1124
3.3171897 0 0 0 1124
3.3681926 0 0 0 1126
3.427196 0 0 0 1126
3.479199 0 0 0 1126
3.532202 0 0 0 1126
3.584205 0 0 0 1126
3.637208 0 0 0 1126
3.690211 0 0 0 1126
3.742214 0 0 0 1126
3.7932169 0 0 0 1126
3.8502202 0 0 0 1131
3.9092236 0 0 0 1131
3.9602265 0 0 0 1131
4.0112294 0 0 0 1131
4.0622323 0 0 0 1131
4.1302362 0 0 0 1131
4.1842393 0 0 0 1131
4.2362423 0 0 0 1131
4.2882452 0 0 0 1131
4.3402482 0 0 0 1131
4.3912511 0 0 0 1131
4.442254 0 0 0 1131
4.493257 0 0 0 1131
4.5442599 0 0 0 1131
4.5952628 0 0 0 1131
4.6462657 0 0 0 1131
4.6972686 0 0 0 1131
4.7482715 0 0 0 1131
