0.0330019 0.14 0 0
0.0850049 0.145 0 0
0.1370079 0.15 0 0
0.1900109 0.155 0 0
0.2410138 0.16 0 0
0.2930168 0.165 0 0
0.3440197 0.17 0 0
0.3960227 0.175 0 0
0.4480257 0.18 0 0
0.5000286 0.185 0 0
0.5510315 0.19 0 0
0.6020345 0.195 0 0
0.6540374 0.2 0 0
0.7060404 0.205 0 0
0.7590434 0.21 0 0
0.8120465 0.215 0 0
0.8640494 0.22 0 0
0.9170525 0.225 0 0
0.9690555 0.23 0 0
1.0210584 0.235 0 0
1.0720613 0.24 0 0
1.1240643 0.245 0 0
1.1770674 0.25 0 0
1.2290703 0.255 0 0
1.2820734 0.26 0 0
1.3350764 0.265 0 0
1.3870794 0.27 0 0
1.4390823 0.275 0 0
1.4910853 0.28 0 0
1.5440883 0.285 0 0
1.5970914 0.29 0 0
1.6490944 0.295 0 0
1.7020974 0.3 0 0
1.7551004 0.305 0 0
1.8071034 0.31 0 0
1.8581063 0.315 0 0
1.9111093 0.32 0 0
1.9631123 0.325 0 0
2.0151153 0.33 0 0
2.0681183 0.335 0 0
2.1201213 0.34 0 0
2.1741244 0.345 0 0
2.2271274 0.35 0 0
2.2781303 0.355 0 0
2.3291332 0.36 0 0
2.3801362 0.365 0 0
2.4311391 0.37 0 0
2.482142 0.375 0 0
2.5331449 0.38 0 0
2.5851479 0.385 0 0
2.6381509 0.39 0 0
2.6901539 0.395 0 0
2.7421569 0.4 0 0
2.7941598 0.405 0 0
2.8461628 0.41 0 0
2.8981658 0.415 0 0
2.9511688 0.42 0 0
3.0031718 0.425 0 0
3.0561748 0.43 0 0
3.1081778 0.435 0 0
3.1611808 0.44 0 0
3.2141839 0.445 0 0
3.2671869 0.45 0 0
3.3201899 0.455 0 0
3.373193 0.46 0 0
3.426196 0.465 0 0
3.478199 0.47 0 0
3.5302019 0.475 0 0
3.583205 0.48 0 0
3.636208 0.485 0 0
3.689211 0.49 0 0
3.7432141 0.495 0 0
3.7952171 0.5 0 0
3.8492202 0.505 0 0
3.9022232 0.51 0 0
3.9542262 0.515 0 0
4.0052291 0.52 0 0
4.0582321 0.525 0 0
4.1102351 0.53 0 0
4.1632382 0.535 0 0
4.2172412 0.54 0 0
4.2692442 0.545 0 0
4.3212472 0.55 0 0
4.3732502 0.555 0 0
4.4252531 0.56 0 0
4.4772561 0.565 0 0
4.5302591 0.57 0 0
4.5822621 0.575 0 0
4.6342651 0.58 0 0
4.6872681 0.585 0 0
4.7392711 0.59 0 0
