0.0460026 0 0 0 233
0.0970055 0 0 0 233
0.1490085 0 0 0 233
0.2000114 0 0 0 233
0.2570147 0 0 0 233
0.3090177 0 0 0 233
0.3600206 0 0 0 233
0.4110235 0 0 0 233
0.4690268 0 0 0 233
0.559032 0 0 0 232
0.6140351 0 0 0 232
0.6680382 0 0 0 232
0.7220413 0 0 0 232
0.7750443 0 0 0 232
0.8260472 0 0 0 232
0.8830505 0 0 0 232
0.9340534 0 0 0 232
0.9850563 0 0 0 232
1.0360592 0 0 0 240
1.0940626 0 0 0 240
1.1570662 0 0 0 240
1.2090691 0 0 0 240
1.2660724 0 0 0 240
1.3180754 0 0 0 240
1.3700783 0 0 0 240
1.4220813 0 0 0 240
1.4760844 0 0 0 240
1.5280874 0 0 0 322
1.5800904 0 0 0 322
1.6370936 0 0 0 322
1.7190983 0 0 0 322
1.7721013 0 0 0 322
1.8241043 0 0 0 322
1.8761073 0 0 0 322
1.9281103 0 0 0 322
1.9801132 0 0 0 322
2.0331163 0 0 0 661
2.0941198 0 0 0 661
2.1521231 0 0 0 661
2.2071262 0 0 0 661
2.27313 0 0 0 661
2.325133 0 0 0 661
2.4191383 0 0 0 661
2.4801418 0 0 0 661
2.5461456 0 0 0 983
2.605149 0 0 0 983
2.6601521 0 0 0 983
2.7231557 0 0 0 983
2.7751587 0 0 0 983
2.8281617 0 0 0 983
2.9001659 0 0 0 983
2.9571691 0 0 0 983
3.0121723 0 0 0 983
3.0641752 0 0 0 1154
3.1461799 0 0 0 1154
3.1971828 0 0 0 1154
3.2611865 0 0 0 1154
3.3261902 0 0 0 1154
3.3851936 0 0 0 1154
3.4371966 0 0 0 1154
3.4891996 0 0 0 1154
3.5422026 0 0 0 1160
3.5932055 0 0 0 1160
3.6482086 0 0 0 1160
3.7002116 0 0 0 1160
3.7572149 0 0 0 1160
3.8082178 0 0 0 1160
3.864221 0 0 0 1160
3.916224 0 0 0 1160
3.9682269 0 0 0 1160
4.0202299 0 0 0 1160
4.0782332 0 0 0 1160
4.143237 0 0 0 1160
4.1952399 0 0 0 1160
4.2462429 0 0 0 1160
4.2972458 0 0 0 1160
4.3642496 0 0 0 1160
4.4152525 0 0 0 1160
4.4712557 0 0 0 1160
4.5352594 0 0 0 1157
4.5872624 0 0 0 1157
4.6382653 0 0 0 1157
4.6942685 0 0 0 1157
4.7532719 0 0 0 1157
4.8042748 0 0 0 1157
4.8562777 0 0 0 1157
4.9172812 0 0 0 1157
4.9682841 0 0 0 1157
5.0192871 0 0 0 1158
5.0732902 0 0 0 1158
5.1262932 0 0 0 1158
5.1892968 0 0 0 1158
5.2402997 0 0 0 1158
5.2943028 0 0 0 1158
5.3583065 0 0 0 1158
5.4093094 0 0 0 1158
5.4693128 0 0 0 1158
5.5203157 0 0 0 1157
