0.0140008 1.72999999999999 9999 0
0.0640036 1.73499999999999 9999 0
0.1140065 1.73999999999998 9999 0
0.1640094 1.74499999999998 9999 0
0.2140122 1.74999999999998 9999 0
0.2640151 1.75499999999998 9999 0
0.3140179 1.75999999999998 9999 0
0.3640208 1.76499999999998 9999 0
0.4140237 1.76999999999998 9999 0
0.4640265 1.77499999999998 9999 0
0.5180296 1.77999999999998 9999 0
0.5680325 1.78499999999998 9999 0
0.6180353 1.78999999999998 9999 0
0.6680382 1.79499999999998 9999 0
0.7180411 1.79999999999998 9999 0
0.7680439 1.80499999999998 9999 0
0.8180468 1.80999999999998 9999 0
0.8680496 1.81499999999998 9999 0
0.9180525 1.81999999999998 9999 0
0.9680554 1.82499999999998 9999 0
1.0180582 1.82999999999998 9999 0
1.0680611 1.83499999999998 9999 0
1.1180639 1.83999999999998 9999 0
1.1680668 1.84499999999998 9999 0
1.2180697 1.84999999999998 9999 0
1.2680725 1.85499999999998 9999 0
1.3180754 1.85999999999998 9999 0
1.3680782 1.86499999999998 9999 0
1.4180811 1.86999999999998 9999 0
1.468084 1.87499999999998 9999 0
1.5180868 1.87999999999998 9999 0
1.5680897 1.88499999999998 9999 0
1.6180925 1.88999999999998 9999 0
1.6680954 1.89499999999998 9999 0
1.7180983 1.89999999999998 9999 0
1.7681011 1.90499999999998 9999 0
1.818104 1.90999999999998 9999 0
1.8681068 1.91499999999998 9999 0
1.9181097 1.91999999999998 9999 0
1.9681126 1.92499999999998 9999 0
2.0181154 1.92999999999998 9999 0
2.0681183 1.93499999999998 9999 0
2.1181211 1.93999999999998 9999 0
2.168124 1.94499999999998 9999 0
2.2191269 1.94999999999998 9999 0
2.2691298 1.95499999999998 9999 0
2.3191326 1.95999999999998 9999 0
2.3691355 1.96499999999998 9999 0
2.4191384 1.96999999999998 9999 0
2.4691412 1.97499999999998 9999 0
2.5191441 1.97999999999998 9999 0
2.5691469 1.98499999999998 9999 0
2.6191498 1.98999999999998 9999 0
2.6691527 1.99499999999998 9999 0
2.7191555 1.99999999999998 9999 0
2.7691584 2.00499999999998 9999 0
2.8191612 2.00999999999998 9999 0
2.8691641 2.01499999999998 9999 0
2.919167 2.01999999999998 9999 0
2.9691698 2.02499999999998 9999 0
3.0191727 2.02999999999998 9999 0
3.0691755 2.03499999999998 9999 0
3.1191784 2.03999999999998 9999 0
3.1691813 2.04499999999998 9999 0
3.2191841 2.04999999999998 9999 0
3.269187 2.05499999999998 9999 0
3.3191898 2.05999999999998 9999 0
3.3691927 2.06499999999998 9999 0
3.4191956 2.06999999999998 9999 0
3.4691984 2.07499999999998 9999 0
3.5192013 2.07999999999998 9999 0
3.5692041 2.08499999999998 9999 0
3.619207 2.08999999999998 9999 0
3.6692099 2.09499999999998 9999 0
3.7192127 2.09999999999998 9999 0
3.7692156 2.10499999999998 9999 0
3.8192184 2.10999999999998 9999 0
3.8692213 2.11499999999998 9999 0
3.9192242 2.11999999999998 9999 0
3.969227 2.12499999999998 9999 0
4.0192299 2.12999999999998 9999 0
4.0692327 2.13499999999998 9999 0
4.1192356 2.13999999999998 9999 0
4.1692385 2.14499999999998 9999 0
4.2192413 2.14999999999998 9999 0
4.2692442 2.15499999999998 9999 0
4.319247 2.15999999999998 9999 0
4.3692499 2.16499999999998 9999 0
4.4192528 2.16999999999998 9999 0
4.4692556 2.17499999999998 9999 0
4.5192585 2.17999999999998 9999 0
4.5692613 2.18499999999998 9999 0
4.6192642 2.18999999999998 9999 0
4.6692671 2.19499999999998 9999 0
4.7192699 2.19999999999998 9999 0
4.7692728 2.20499999999998 9999 0
4.8192756 2.20999999999998 9999 0
4.8692785 2.21499999999998 9999 0
4.9192814 2.21999999999997 9999 0
4.9692842 2.22499999999997 9999 0
5.0192871 2.22999999999997 9999 0
5.0692899 2.23499999999997 9999 0
5.1192928 2.23999999999997 9999 0
5.1692957 2.24499999999997 9999 0
5.2192985 2.24999999999997 9999 0
5.2693014 2.25499999999997 9999 0
5.3193042 2.25999999999997 9999 0
5.3693071 2.26499999999997 9999 0
5.41931 2.26999999999997 9999 0
5.4693128 2.27499999999997 9999 0
5.5193157 2.27999999999997 9999 0
5.5693185 2.28499999999997 9999 0
5.6193214 2.28999999999997 9999 0
5.6693243 2.29499999999997 9999 0
5.7193271 2.29999999999997 9999 0
5.76933 2.30499999999997 9999 0
5.8193328 2.30999999999997 9999 0
5.8693357 2.31499999999997 9999 0
5.9193386 2.31999999999997 9999 0
5.9693414 2.32499999999997 9999 0
6.0193443 2.32999999999997 9999 0
6.0693471 2.33499999999997 9999 0
6.11935 2.33999999999997 9999 0
6.1693529 2.34499999999997 9999 0
6.2193557 2.34999999999997 9999 0
6.2693586 2.35499999999997 9999 0
6.3193614 2.35999999999997 9999 0
6.3693643 2.36499999999997 9999 0
6.4193672 2.36999999999997 9999 0
6.46937 2.37499999999997 9999 0
6.5193729 2.37999999999997 9999 0
6.5693757 2.38499999999997 9999 0
6.6193786 2.38999999999997 9999 0
6.6693815 2.39499999999997 9999 0
6.7203844 2.39999999999997 9999 0
6.7703872 2.40499999999997 9999 0
6.8203901 2.40999999999997 9999 0
6.870393 2.41499999999997 9999 0
6.9203958 2.41999999999997 9999 0
6.9703987 2.42499999999997 9999 0
7.0204015 2.42999999999997 9999 0
7.0704044 2.43499999999997 9999 0
7.1204073 2.43999999999997 9999 0
7.1704101 2.44499999999997 9999 0
7.220413 2.44999999999997 9999 0
7.2704158 2.45499999999997 9999 0
7.3204187 2.45999999999997 9999 0
7.3704216 2.46499999999997 9999 0
7.4204244 2.46999999999997 9999 0
7.4704273 2.47499999999997 9999 0
7.5204301 2.47999999999997 9999 0
7.570433 2.48499999999997 9999 0
7.6334366 2.48999999999997 9999 0
7.6844395 2.49499999999997 9999 0
7.7344424 2.49999999999997 9999 0
7.7844452 2.50499999999997 9999 0
7.8344481 2.50999999999997 9999 0
7.884451 2.51499999999997 9999 0
7.9344538 2.51999999999997 9999 0
7.9844567 2.52499999999997 9999 0
8.0344595 2.52999999999997 9999 0
8.0844624 2.53499999999997 9999 0
8.1344653 2.53999999999997 9999 0
8.1844681 2.54499999999997 9999 0
8.234471 2.54999999999997 9999 0
8.2844738 2.55499999999997 9999 0
8.3344767 2.55999999999997 9999 0
8.3844796 2.56499999999997 9999 0
8.4344824 2.56999999999997 9999 0
8.4844853 2.57499999999997 9999 0
8.5344881 2.57999999999997 9999 0
8.584491 2.58499999999997 9999 0
8.6344939 2.58999999999997 9999 0
8.6844967 2.59499999999997 9999 0
8.7344996 2.59999999999997 9999 0
8.7845024 2.60499999999997 9999 0
8.8345053 2.60999999999997 9999 0
8.8845082 2.61499999999997 9999 0
8.934511 2.61999999999997 9999 0
8.9845139 2.62499999999997 9999 0
9.0345167 2.62999999999997 9999 0
9.0845196 2.63499999999997 9999 0
9.1345225 2.63999999999997 9999 0
9.1845253 2.64499999999997 9999 0
9.2345282 2.64999999999997 9999 0
9.284531 2.65499999999997 9999 0
9.3345339 2.65999999999997 9999 0
9.3975375 2.66499999999997 9999 0
9.4475404 2.66999999999997 9999 0
9.4975432 2.67499999999997 9999 0
9.5475461 2.67999999999997 9999 0
9.5975489 2.68499999999997 9999 0
9.6475518 2.68999999999996 9999 0
9.6975547 2.69499999999996 9999 0
9.7475575 2.69999999999996 9999 0
9.7975604 2.70499999999996 9999 0
9.8475632 2.70999999999996 9999 0
9.8975661 2.71499999999996 9999 0
9.947569 2.71999999999996 9999 0
9.9975718 2.72499999999996 9999 0
10.0475747 2.72999999999996 9999 0
10.0975775 2.73499999999996 9999 0
10.1475804 2.73999999999996 9999 0
10.1975833 2.74499999999996 9999 0
10.2475861 2.74999999999996 9999 0
10.297589 2.75499999999996 9999 0
10.3475918 2.75999999999996 9999 0
10.3975947 2.76499999999996 9999 0
10.4475976 2.76999999999996 9999 0
10.4976004 2.77499999999996 9999 0
10.5476033 2.77999999999996 9999 0
10.5976061 2.78499999999996 9999 0
10.647609 2.78999999999996 9999 0
10.6976119 2.79499999999996 9999 0
10.7476147 2.79999999999996 9999 0
10.7976176 2.80499999999996 9999 0
10.8476204 2.80999999999996 9999 0
10.8976233 2.81499999999996 9999 0
10.9476262 2.81999999999996 9999 0
10.997629 2.82499999999996 9999 0
11.0476319 2.82999999999996 9999 0
11.0976347 2.83499999999996 9999 0
11.1476376 2.83999999999996 9999 0
11.1976405 2.84499999999996 9999 0
11.2476433 2.84999999999996 9999 0
11.2976462 2.85499999999996 9999 0
11.347649 2.85999999999996 9999 0
11.3976519 2.86499999999996 9999 0
11.4476548 2.86999999999996 9999 0
11.4976576 2.87499999999996 9999 0
11.5476605 2.87999999999996 9999 0
11.5976633 2.88499999999996 9999 0
11.6476662 2.88999999999996 9999 0
11.6976691 2.89499999999996 9999 0
11.7476719 2.89999999999996 9999 0
11.7976748 2.90499999999996 9999 0
11.8556781 2.90999999999996 9999 0
11.905681 2.91499999999996 9999 0
11.9556838 2.91999999999996 9999 0
12.0056867 2.92499999999996 9999 0
12.0556895 2.92999999999996 9999 0
12.1056924 2.93499999999996 9999 0
12.1556953 2.93999999999996 9999 0
12.2056981 2.94499999999996 9999 0
12.255701 2.94999999999996 9999 0
12.3057038 2.95499999999996 9999 0
12.3557067 2.95999999999996 9999 0
12.4057096 2.96499999999996 9999 0
12.4557124 2.96999999999996 9999 0
12.5057153 2.97499999999996 9999 0
12.5557181 2.97999999999996 9999 0
12.605721 2.98499999999996 9999 0
12.6557239 2.98999999999996 9999 0
12.7057267 2.99499999999996 9999 0
12.7557296 2.99999999999996 9999 0
12.8057324 3.00499999999996 9999 0
12.8557353 3.00999999999996 9999 0
12.9057382 3.01499999999996 9999 0
12.955741 3.01999999999996 9999 0
13.0057439 3.02499999999996 9999 0
13.0557467 3.02999999999996 9999 0
13.1057496 3.03499999999996 9999 0
13.1557525 3.03999999999996 9999 0
13.2057553 3.04499999999996 9999 0
13.2557582 3.04999999999996 9999 0
13.305761 3.05499999999996 9999 0
13.3557639 3.05999999999996 9999 0
13.4057668 3.06499999999996 9999 0
13.4557696 3.06999999999996 9999 0
13.5057725 3.07499999999996 9999 0
13.5557753 3.07999999999996 9999 0
13.6057782 3.08499999999996 9999 0
13.6557811 3.08999999999996 9999 0
13.7057839 3.09499999999996 9999 0
13.7557868 3.09999999999996 9999 0
13.8057896 3.10499999999996 9999 0
13.8557925 3.10999999999996 9999 0
13.9057954 3.11499999999996 9999 0
13.9557982 3.11999999999996 9999 0
14.0058011 3.12499999999996 9999 0
14.0558039 3.12999999999996 9999 0
14.1058068 3.13499999999996 9999 0
14.1558097 3.13999999999996 9999 0
14.2058125 3.14499999999996 9999 0
14.2558154 3.14999999999996 9999 0
14.3058182 3.15499999999996 9999 0
14.3558211 3.15999999999995 9999 0
14.405824 3.16499999999995 9999 0
14.4558268 3.16999999999995 9999 0
14.5058297 3.17499999999995 9999 0
14.5568326 3.17999999999995 9999 0
14.6068354 3.18499999999995 9999 0
14.6568383 3.18999999999995 9999 0
14.7068412 3.19499999999995 9999 0
14.756844 3.19999999999995 9999 0
14.8068469 3.20499999999995 9999 0
14.8568497 3.20999999999995 9999 0
14.9068526 3.21499999999995 9999 0
14.9568555 3.21999999999995 9999 0
15.0068583 3.22499999999995 9999 0
15.0568612 3.22999999999995 9999 0
15.106864 3.23499999999995 9999 0
15.1568669 3.23999999999995 9999 0
15.2068698 3.24499999999995 9999 0
15.2568726 3.24999999999995 9999 0
15.3068755 3.25499999999995 9999 0
15.3568783 3.25999999999995 9999 0
15.4068812 3.26499999999995 9999 0
15.4568841 3.26999999999995 9999 0
15.5068869 3.27499999999995 9999 0
15.5568898 3.27999999999995 9999 0
15.6068926 3.28499999999995 9999 0
15.6568955 3.28999999999995 9999 0
15.7068984 3.29499999999995 9999 0
15.7569012 3.29999999999995 9999 0
15.8069041 3.30499999999995 9999 0
15.8569069 3.30999999999995 9999 0
15.9069098 3.31499999999995 9999 0
15.961913 3.31999999999995 9999 0
16.0119158 3.32499999999995 9999 0
16.0619187 3.32999999999995 9999 0
16.1119215 3.33499999999995 9999 0
16.1619244 3.33999999999995 9999 0
16.2119273 3.34499999999995 9999 0
16.2619301 3.34999999999995 9999 0
16.311933 3.35499999999995 9999 0
16.3639359 3.35999999999995 9999 0
16.4139388 3.36499999999995 9999 0
16.4639417 3.36999999999995 9999 0
16.5139445 3.37499999999995 9999 0
16.5639474 3.37999999999995 9999 0
16.6139502 3.38499999999995 9999 0
16.6639531 3.38999999999995 9999 0
16.713956 3.39499999999995 9999 0
16.7639588 3.39999999999995 9999 0
16.8139617 3.40499999999995 9999 0
16.8639645 3.40999999999995 9999 0
16.9139674 3.41499999999995 9999 0
16.9639703 3.41999999999995 9999 0
17.0139731 3.42499999999995 9999 0
17.063976 3.42999999999995 9999 0
17.1139788 3.43499999999995 9999 0
17.1639817 3.43999999999995 9999 0
17.2139846 3.44499999999995 9999 0
17.2639874 3.44999999999995 9999 0
17.3139903 3.45499999999995 9999 0
17.3639931 3.45999999999995 9999 0
17.413996 3.46499999999995 9999 0
17.4639989 3.46999999999995 9999 0
17.5140017 3.47499999999995 9999 0
17.5640046 3.47999999999995 9999 0
17.6140074 3.48499999999995 9999 0
17.6640103 3.48999999999995 9999 0
17.7140132 3.49499999999995 9999 0
17.7650161 3.49999999999995 9999 0
17.8150189 3.50499999999995 9999 0
17.8650218 3.50999999999995 9999 0
17.9150247 3.51499999999995 9999 0
17.9650275 3.51999999999995 9999 0
18.0150304 3.52499999999995 9999 0
18.0650332 3.52999999999995 9999 0
18.1150361 3.53499999999995 9999 0
18.165039 3.53999999999995 9999 0
18.2150418 3.54499999999995 9999 0
18.2650447 3.54999999999995 9999 0
18.3150475 3.55499999999995 9999 0
18.3650504 3.55999999999995 9999 0
18.4150533 3.56499999999995 9999 0
18.4650561 3.56999999999995 9999 0
18.515059 3.57499999999995 9999 0
18.5650618 3.57999999999995 9999 0
18.6150647 3.58499999999995 9999 0
18.6650676 3.58999999999995 9999 0
18.7150704 3.59499999999995 9999 0
18.7650733 3.59999999999995 9999 0
18.8150761 3.60499999999995 9999 0
18.865079 3.60999999999995 9999 0
18.9150819 3.61499999999995 9999 0
18.9650847 3.61999999999995 9999 0
19.0150876 3.62499999999994 9999 0
19.0650904 3.62999999999994 9999 0
19.1150933 3.63499999999994 9999 0
19.1650962 3.63999999999994 9999 0
19.215099 3.64499999999994 9999 0
19.2651019 3.64999999999994 9999 0
19.3151047 3.65499999999994 9999 0
19.3651076 3.65999999999994 9999 0
19.4151105 3.66499999999994 9999 0
19.4651133 3.66999999999994 9999 0
19.5151162 3.67499999999994 9999 0
19.565119 3.67999999999994 9999 0
19.6151219 3.68499999999994 9999 0
19.6651248 3.68999999999994 9999 0
19.7151276 3.69499999999994 9999 0
19.7651305 3.69999999999994 9999 0
19.8151333 3.70499999999994 9999 0
19.8651362 3.70999999999994 9999 0
19.9151391 3.71499999999994 9999 0
19.9651419 3.71999999999994 9999 0
20.0151448 3.72499999999994 9999 0
20.0651476 3.72999999999994 9999 0
20.1151505 3.73499999999994 9999 0
20.1651534 3.73999999999994 9999 0
20.2151562 3.74499999999994 9999 0
20.2651591 3.74999999999994 9999 0
20.3151619 3.75499999999994 9999 0
20.3651648 3.75999999999994 9999 0
20.4151677 3.76499999999994 9999 0
20.4651705 3.76999999999994 9999 0
20.5151734 3.77499999999994 9999 0
20.5651762 3.77999999999994 9999 0
20.6151791 3.78499999999994 9999 0
20.665182 3.78999999999994 9999 0
20.7151848 3.79499999999994 9999 0
20.7651877 3.79999999999994 9999 0
20.8151905 3.80499999999994 9999 0
20.8651934 3.80999999999994 9999 0
20.9151963 3.81499999999994 9999 0
20.9651991 3.81999999999994 9999 0
21.015202 3.82499999999994 9999 0
21.0652048 3.82999999999994 9999 0
21.1152077 3.83499999999994 9999 0
21.1652106 3.83999999999994 9999 0
21.2152134 3.84499999999994 9999 0
21.2652163 3.84999999999994 9999 0
21.3152191 3.85499999999994 9999 0
21.365222 3.85999999999994 9999 0
21.4152249 3.86499999999994 9999 0
21.4652277 3.86999999999994 9999 0
21.5152306 3.87499999999994 9999 0
21.5652334 3.87999999999994 9999 0
21.6152363 3.88499999999994 9999 0
21.6652392 3.88999999999994 9999 0
21.715242 3.89499999999994 9999 0
21.7652449 3.89999999999994 9999 0
21.8152477 3.90499999999994 9999 0
21.8652506 3.90999999999994 9999 0
21.9152535 3.91499999999994 9999 0
21.9652563 3.91999999999994 9999 0
22.0152592 3.92499999999994 9999 0
22.065262 3.92999999999994 9999 0
22.1152649 3.93499999999994 9999 0
22.1652678 3.93999999999994 9999 0
22.2152706 3.94499999999994 9999 0
22.2652735 3.94999999999994 9999 0
22.3152763 3.95499999999994 9999 0
22.3652792 3.95999999999994 9999 0
22.4152821 3.96499999999994 9999 0
22.4652849 3.96999999999994 9999 0
22.5152878 3.97499999999994 9999 0
22.5652906 3.97999999999994 9999 0
22.6152935 3.98499999999994 9999 0
22.6652964 3.98999999999994 9999 0
22.7152992 3.99499999999994 9999 0
22.7663021 3.99999999999994 9999 0
22.816305 4.00499999999994 9999 0
22.8663079 4.00999999999994 9999 0
22.9163107 4.01499999999994 9999 0
22.9663136 4.01999999999994 9999 0
23.0163164 4.02499999999994 9999 0
23.0663193 4.02999999999994 9999 0
23.1163222 4.03499999999994 9999 0
23.166325 4.03999999999994 9999 0
23.2163279 4.04499999999994 9999 0
23.2663307 4.04999999999994 9999 0
23.3163336 4.05499999999994 9999 0
23.3663365 4.05999999999994 9999 0
23.4163393 4.06499999999994 9999 0
23.4663422 4.06999999999994 9999 0
23.516345 4.07499999999994 9999 0
23.5663479 4.07999999999994 9999 0
23.6163508 4.08499999999994 9999 0
23.6673537 4.08999999999994 9999 0
23.7173565 4.09499999999993 9999 0
