0.0030001 1.01 0 0
0.0590033 1.015 0 0
0.1130064 1.02 0 0
0.1630093 1.025 0 0
0.2130121 1.03 0 0
0.263015 1.035 0 0
0.3130179 1.04 0 0
0.3630207 1.045 0 0
0.4140236 1.05 0 0
0.4640265 1.055 0 0
0.5140294 1.06 0 0
0.5640322 1.065 0 0
0.6170352 1.07 0 0
0.6670381 1.075 0 0
0.717041 1.08 0 0
0.7670438 1.085 0 0
0.8170467 1.09 0 0
0.8670495 1.095 0 0
0.9190525 1.1 0 0
0.9690554 1.105 0 0
1.0190582 1.11 0 0
1.0700612 1.115 0 0
1.120064 1.12 0 0
1.1700669 1.125 0 0
1.2200697 1.13 0 0
1.2700726 1.135 0 0
1.3200755 1.14 0 0
1.3700783 1.145 0 0
1.4200812 1.15 0 0
1.470084 1.155 0 0
1.5200869 1.16 0 0
1.5700898 1.165 0 0
1.6200926 1.17 0 0
1.6700955 1.175 0 0
1.7200983 1.18 0 0
1.7701012 1.185 0 0
1.8201041 1.19 0 0
1.8701069 1.195 0 0
1.9201098 1.2 0 0
1.9701126 1.205 0 0
2.0201155 1.21 0 0
2.0701184 1.215 0 0
2.1201212 1.22 0 0
2.1701241 1.225 0 0
2.2201269 1.23 0 0
2.2751301 1.235 0 0
2.3251329 1.24 0 0
2.3751358 1.245 0 0
2.4251387 1.25 0 0
2.4851421 1.255 0 0
2.535145 1.26 0 0
2.5851478 1.265 0 0
2.6351507 1.26999999999999 0 0
2.6851535 1.27499999999999 0 0
2.7351564 1.27999999999999 0 0
2.7851593 1.28499999999999 0 0
2.8351621 1.28999999999999 0 0
2.885165 1.29499999999999 0 0
2.9351678 1.29999999999999 0 0
2.9851707 1.30499999999999 0 0
3.0351736 1.30999999999999 0 0
3.0861765 1.31499999999999 0 0
3.1361793 1.31999999999999 0 0
3.1861822 1.32499999999999 0 0
3.2361851 1.32999999999999 0 0
3.287188 1.33499999999999 0 0
3.3371908 1.33999999999999 0 0
3.3871937 1.34499999999999 0 0
3.4381966 1.34999999999999 0 0
3.4941998 1.35499999999999 0 0
3.5442027 1.35999999999999 0 0
3.5942055 1.36499999999999 0 0
3.6442084 1.36999999999999 0 0
3.6942112 1.37499999999999 0 0
3.7442141 1.37999999999999 0 0
3.794217 1.38499999999999 0 0
3.8442198 1.38999999999999 0 0
3.8942227 1.39499999999999 0 0
3.9442255 1.39999999999999 0 0
3.9942284 1.40499999999999 0 0
4.0442313 1.40999999999999 0 0
4.0942341 1.41499999999999 0 0
4.144237 1.41999999999999 0 0
4.1942398 1.42499999999999 0 0
4.2442427 1.42999999999999 0 0
4.2942456 1.43499999999999 0 0
4.3442484 1.43999999999999 0 0
4.3942513 1.44499999999999 0 0
4.4442541 1.44999999999999 0 0
4.4972572 1.45499999999999 0 0
4.54726 1.45999999999999 0 0
4.5972629 1.46499999999999 0 0
4.6472658 1.46999999999999 0 0
4.6972686 1.47499999999999 0 0
4.7472715 1.47999999999999 0 0
4.7972743 1.48499999999999 0 0
4.8472772 1.48999999999999 0 0
4.8972801 1.49499999999999 0 0
4.9472829 1.49999999999999 0 0
4.9972858 1.50499999999999 0 0
5.0472886 1.50999999999999 0 0
5.0972915 1.51499999999999 0 0
5.1472944 1.51999999999999 0 0
5.1972972 1.52499999999999 0 0
5.2473001 1.52999999999999 0 0
5.2973029 1.53499999999999 0 0
5.3473058 1.53999999999999 0 0
5.3973087 1.54499999999999 0 0
5.4473115 1.54999999999999 0 0
5.4973144 1.55499999999999 0 0
5.5473172 1.55999999999999 0 0
5.5973201 1.56499999999999 0 0
5.647323 1.56999999999999 0 0
5.6973258 1.57499999999999 0 0
5.7473287 1.57999999999999 0 0
5.7973315 1.58499999999999 0 0
5.8503346 1.58999999999999 0 0
5.9003374 1.59499999999999 0 0
5.9503403 1.59999999999999 0 0
6.0003432 1.60499999999999 0 0
6.050346 1.60999999999999 0 0
6.1003489 1.61499999999999 0 0
6.1503517 1.61999999999999 0 0
6.2003546 1.62499999999999 0 0
6.2503575 1.62999999999999 0 0
6.3003603 1.63499999999999 0 0
6.3503632 1.63999999999999 0 0
6.400366 1.64499999999999 0 0
6.4503689 1.64999999999999 0 0
6.5003718 1.65499999999999 0 0
6.5503746 1.65999999999999 0 0
6.6003775 1.66499999999999 0 0
6.6503803 1.66999999999999 0 0
6.7003832 1.67499999999999 0 0
6.7503861 1.67999999999999 0 0
6.8003889 1.68499999999999 0 0
6.8503918 1.68999999999999 0 0
6.9003946 1.69499999999999 0 0
6.9503975 1.69999999999999 0 0
7.0004004 1.70499999999999 0 0
7.0514033 1.70999999999999 0 0
7.1014061 1.71499999999999 0 0
7.151409 1.71999999999999 0 0
7.2014118 1.72499999999999 0 0
7.2514147 1.72999999999999 0 0
7.3014176 1.73499999999999 0 0
7.3514204 1.73999999999998 0 0
7.4014233 1.74499999999998 0 0
7.4514261 1.74999999999998 0 0
7.501429 1.75499999999998 0 0
7.5514319 1.75999999999998 0 0
7.6014347 1.76499999999998 0 0
7.6514376 1.76999999999998 0 0
7.7014404 1.77499999999998 0 0
7.7514433 1.77999999999998 0 0
7.8014462 1.78499999999998 0 0
7.851449 1.78999999999998 0 0
7.9014519 1.79499999999998 0 0
7.9514547 1.79999999999998 0 0
8.0014576 1.80499999999998 0 0
8.0514605 1.80999999999998 0 0
8.1014633 1.81499999999998 0 0
8.1514662 1.81999999999998 0 0
8.201469 1.82499999999998 0 0
8.2514719 1.82999999999998 0 0
8.3014748 1.83499999999998 0 0
8.3514776 1.83999999999998 0 0
8.4014805 1.84499999999998 0 0
8.4514833 1.84999999999998 0 0
8.5014862 1.85499999999998 0 0
8.5514891 1.85999999999998 0 0
8.6014919 1.86499999999998 0 0
8.6514948 1.86999999999998 0 0
8.7014976 1.87499999999998 0 0
8.7515005 1.87999999999998 0 0
8.8015034 1.88499999999998 0 0
8.8515062 1.88999999999998 0 0
8.9015091 1.89499999999998 0 0
8.9515119 1.89999999999998 0 0
9.0015148 1.90499999999998 0 0
9.0515177 1.90999999999998 0 0
9.1015205 1.91499999999998 0 0
9.1515234 1.91999999999998 0 0
9.2015262 1.92499999999998 0 0
9.2515291 1.92999999999998 0 0
9.301532 1.93499999999998 0 0
9.3515348 1.93999999999998 0 0
9.4015377 1.94499999999998 0 0
9.4515405 1.94999999999998 0 0
9.5015434 1.95499999999998 0 0
9.5515463 1.95999999999998 0 0
9.6015491 1.96499999999998 0 0
9.651552 1.96999999999998 0 0
9.7015548 1.97499999999998 0 0
9.7515577 1.97999999999998 0 0
9.8015606 1.98499999999998 0 0
9.8515634 1.98999999999998 0 0
9.9015663 1.99499999999998 0 0
9.9515691 1.99999999999998 0 0
10.001572 2.00499999999998 0 0
10.0515749 2.00999999999998 0 0
10.1015777 2.01499999999998 0 0
